"document","text","negative","positive","sentiment_score"
1,"   жовтня      року студенти спеціальності професійна освіта  цифрові технології  продемонстрували свою природоохоронну ініціативу  завершивши акцію збору та переробки використаних батарейок  ця ініціатива спрямована на зменшення впливу шкідливих речовин на навколишнє середовище та стимулювання студентів до відповідальної поведінки щодо природи  батарейки є складовою частиною нашого повсякденного життя  але навіть використані батарейки можуть надалі виконувати шкідливий вплив на довкілля  якщо не оброблятимуться належним чином  студенти спеціальності професійна освіта  цифрові технології  вирішили долучитися до збору таких батарейок  ініціатор  денис павлюк  група цт  б  та передати їх на подальшу переробку  ініціатори  βасиль пашківський та αртем томашевський  група цт  б   зменшуючи викиди шкідливих речовин  ця акція спрямована на навчання студентів і всіх членів університетського співтовариства відповідальному ставленню до природи та підсиленню свідомості про важливість екологічної стійкості  акція вже отримала підтримку як серед студентів і спрямована на створення сталого середовища та підвищення обізнаності у галузі екології серед молоді  інформацію підготували д пед н   проф  о м трифонова та к пед н  д в соменко  ",1,0,-1
3,"   жовтня      року студенти спеціальності професійна освіта  цифрові технології  продемонстрували свою природоохоронну ініціативу  завершивши акцію збору та переробки використаних батарейок  ця ініціатива спрямована на зменшення впливу шкідливих речовин на навколишнє середовище та стимулювання студентів до відповідальної поведінки щодо природи  батарейки є складовою частиною нашого повсякденного життя  але навіть використані батарейки можуть надалі виконувати шкідливий вплив на довкілля  якщо не оброблятимуться належним чином  студенти спеціальності професійна освіта  цифрові технології  вирішили долучитися до збору таких батарейок  ініціатор  денис павлюк  група цт  б  та передати їх на подальшу переробку  ініціатори  βасиль пашківський та αртем томашевський  група цт  б   зменшуючи викиди шкідливих речовин  ця акція спрямована на навчання студентів і всіх членів університетського співтовариства відповідальному ставленню до природи та підсиленню свідомості про важливість екологічної стійкості  акція вже отримала підтримку як серед студентів і спрямована на створення сталого середовища та підвищення обізнаності у галузі екології серед молоді  інформацію підготували д пед н   проф  о м трифонова та к пед н  д в соменко  ",1,0,-1
5,"впродовж серпня вересня      року д п н   професорка валентина плющ та здобувачі освіти першого  бакалаврського  рівня вищої освіти оп  середня освіта  природничі науки   аліна авраменко та ярослав козурак в дистанційному режимі опанували курс  академічна доброчесність  онлайн курс для викладачів   навчання передбачало вивчення   модулів та виконання тестових завдань і кейсів до кожного модуля  модуль    концепція академічної доброчесності у вищій освіті  вступ до питання академічної доброчесності  документи  які регулюють доброчесність в україні та що належить до порушення академічної доброчесності  а що не належить  модуль    методика викладання  сприяння академічній доброчесності  як методика викладання може посилити культуру академічної доброчесності на ваших заняттях  способи ефективного управління часом та своїм навантаженням та навантаженням студентів  модуль    дизайн освітніх програм та курсів з фокусом на академічну доброчесність  як дизайн освітньої програми може створювати ненавмисні ризики порушення академічної доброчесності та пропонує шляхи  як ці ризики мінімізувати  модуль    основи академічного письма та доброчесності  академічне письмо  як цьому навчати  які є міфи щодо перевірки письмових робіт та розгляд кейсів  модуль    дизайн системи оцінювання для підвищення академічної доброчесності  створення прозорої системи оцінювання та розроблення чітких і прозорих критеріїв до завдання свого курсу  модуль    наукове керівництво та розвиток культури академічної доброчесності  відповідальне наукове керівництво та інструменти планування наукового дослідження  що відповідає вимогам академічної доброчесності  особливої уваги заслуговує те  що під час курсу удосконалено розуміння  як можна розвивати культуру академічної доброчесності  попри предмет та напрям викладання  крім того  під час курсу освоєно теоретичні основи й практичні інструменти  які допомагають посилити культуру академічної доброчесності  за результатами навчання отримано сертифікати про успішне засвоєння курсу  академічна доброчесність  онлайн курс для викладачів  виданий на    годин    кредити єктс   отриманими знаннями та навичками професорка валентина плющ поділилася зі студентами спеціальностей     середня освіта  природничі науки       середня освіта  хімія       середня освіта  біологія та здоров я людини      листопада      року відбулась зустріч  на якій студенти ознайомились з положенням про академічну свободу та академічну доброчесність у центральноукраїнському державному університеті імені володимира винниченка  під час зустрічі були обговорені питання  що таке академічна доброчесність  які причини використання плагіату серед студентів  які типи завдань провокують плагіат  як підтримати академічну доброчесність дистанційного навчання  чи потрібен кодекс честі у навчанні  спілкування зі студентами було дуже плідним та результативним  інформацію підготували д п н   професорка валентина плющ  д п н   професорка ірина сальник  ",6,1,-5
6,"  листопада      року студенти і студентки груп тн  б та викладачка кафедри технологічної та професійної освіти цду імені володимира винниченка о в  пуляк та л о  чистякова в рамках вивчення навчальної дисципліни  історія костюму та моди   відвідали шоурум відомої дизайнерки одягу ірини бровченко  бренд brovchenko давно відомий як в україні  так і за кордоном  а сама дизайнерка цікава та неординарна особистість  тому таке спілкування надзвичайно важливе для студентів та викладачів  розмова пройшла в дружній атмосфері  пані ірина охоче відповідала на запитання  показувала зразки одягу  цікаві дизайнерські рішення   одяг може допомогти людині почувати себе впевнено та зручно  одяг як друга шкіра  перед тим  як створювати одяг для людини  спочатку потрібно зрозуміти будову і особливості самого тіла  поспілкуватись з замовником та створите той одяг  який йому зручний     наголосила ірина бровченко  студенти та викладачки отримали сильні емоції від спілкування  натхнення  корисні знання і практичні навички  дякуємо ірині бровченко за надану можливість і сподіваємося на подальшу співпрацю  інформацію підготувала о в пуляк  доцент кафедри технологічної та професійної освіти   ",0,1,1
8,"   жовтня      року на факультеті математики  природничих наук та технологій цду імені володимира винниченка відбулася зустріч здобувачів вищої освіти спеціальності      середня освіта  природничі науки   із головою студентської ради кариною тимкович  під час зустрічі здобувачів освіти ознайомили з основними завданнями  функціями та складом студентської ради  як вищого виконавчого виборного органу студентського самоврядування університету  у розповіді було зазначено  що органом студентського самоврядування на факультеті є студентська рада  яка є партнером деканату в умовах запровадження університетської автономії  саме це спонукає студентське самоврядування до подальшого розвитку новітніх демократичних ідей  виховання активних  свідомих громадян   патріотів україни  особливо було наголошено на участі студради у питаннях захисту прав та інтересів студентів  зокрема  була окреслена робота студкураторів  студентів старших курсів  які допомагають першокурсникам в адаптації до студентського життя  плануванні освітньої діяльності  розв язанні організаційних питань тощо  також голова студентської ради наголосила на важливості участі у студентському самоврядуванні та житті університету  волонтерських проєктах  у заходах  присвячених спорту та туризму  культурі та мистецтву  освіті та законності  медіа  презентувала сторінки університету та інституту в соціальних мережах  велику увагу під час зустрічі було приділено питанням задоволеністю здобувачами освіти самою оп  середня освіта  природничі науки   й організацією освітнього процесу в університеті  під час обговорення оп  середня освіта  природничі науки   здобувачі освіти в цілому висловили свою задоволеність  разом з тим під час формування нового проєкту оп запропонували збільшити кількість годин  присвячених методиці організації дистанційного та змішаного навчання  в завданнях для самостійної роботи більшу частину формувати як завдання з практико орієнтованим змістом  окреслені пропозиції передано гаранту оп валентині плющ  як зауважили здобувачі освіти  зустріч пройшла плідно та цікаво  інформацію надано кафедрою природничих наук та методик їхнього навчання  ",0,1,1
10,"цьогорічний диктант єдності  дороги україни  проводився із традиційною метою   об єднати всіх українців як в україні  так і за її межами  оскільки вже другий рік поспіль написання радіодиктанту проходить в умовах війни  захід має особливий патріотичну значущість   він об єднує українців  надихає і додає сил у боротьбі з викликами  надзвичайна атмосфера єднання панувала і в стінах цду імені володимира винниченка  де зібрались студенти  викладачі та співробітники усіх факультетів  щоби разом поподорожувати  дорогами україни   а також перевірити свої знання з української мови та поспілкуватись  студенти університету активно долучились до акції  хтось із них писав диктант вперше  хтось бере участь в акції щороку  але для всіх написання радіодиктанту національної єдності   це вагома подія  окремо слід зазначити  що перед диктантом відбулося вручення нагород студентам  які перемогли в конкурсі  найграмотніший студент університету   а саме  олександра савенко  група м  б   олександр пономарьов  група ст  б   ольга поліщук  група мла  б   надія паливода  група м  б   пишаємося нашими студентами і бажаємо наснаги у подовженні традицій національної єдності через мову   генетичний код нації  інформацію підготувала заступник декана ольга рєзіна  ",0,1,1
14,"   жовтня      року професор кафедри математики та цифрових технологій микола садовий взяв участь в засіданні робочої групи освітньо наукової програми підготовки доктора філософії зі спеціальності     професійна освіта  за спеціалізаціями  державного вищого навчального закладу  донбаський державний педагогічний університет   освітньо наукова програма націлена на розвиток здобувачів освіти у сфері професійної освіти за спеціалізаціями  на засіданні було висвітлені такі питання    результати обговорення освітньо наукової програми підготовки доктора філософії зі спеціальності     професійна освіта  цифрові технології     затвердження плану роботи зі стейкхолдерами    узгодження тем дисертаційних досліджень аспірантів  обговорення було конструктивним і відзначалося активною участю науково педагогічних працівників із різних регіонів україни  микола садовий висловили надію  що розглядувана програма підготовки докторів філософії сприятиме подальшому розвитку професійної освіти та внесе вагомий внесок у галузь  інформацію підготував д пед н   проф  микола садовий  ",0,1,1
15,"кожного року університетська спільнота з нетерпінням чекає вернісажу талантів  де студенти можуть продемонструвати власну творчість  виявити мистецькі здібності  першокурсники фмпнт взяли участь у цьому заході  де розкрили художні таланти  одним із неочікуваних моментів вернісажу талантів      було відкриття заходу пісню michael bublé  sway  у виконанні студента іі курсу максима мелешка  переможця вернісажу талантів      року  його виступ був свідченням того  що мистецтво підсилює велич людини  адже максим гармонійно поєднав спів і сценічну майстерність  далі на сцену вийшла софія омельченко  студентка групи бх  б  яка принесла до вернісажу літературну красу через читання вірша роберта бернса  моє серце в верховині   її виразність та чуттєве виконання зачарували глядачів  музичні презентації також вирізнялися на цьому заході  студентка групи бх  б катерина димченко виконала пісню дмитра волканова  намалюю   а олексій демченко з групи ст  б подарував слухачам пісню сергія жадана  листопад   їхні таланти та глибоке виконання додали заходу особливої атмосфери  пісня  там у тополі  від артема пивоварова та nk у виконанні вероніки козлової  група бх  б  та богдана дуная  група кн  б  додала музичного різноманіття заходу  особливо розважила аудиторію сценка  бог студентства  від групи іст  б  адже учасники продемонстрували свої акторські здібності на високому рівні  танцювальні номери урізноманітнили вернісаж талантів       запальний танець від студентів групи м  б вразив аудиторію своєю енергією та ритмічністю  флешмоб від груп мла  б та кн  б додав заходу чудесної атмосфери  а український танок  go a solovey   виконаний студентками груп гк  б та тн  б  вразив всіх енергетикою і національною запалом  фмпнт засяяв українською культурою  сцена також ожила від руханки від студентів групи інф  б  адже всі глядачі в залі виконували вправи і релаксували  наприкінці заходу студенти групи кн  б виконали пісню    ий колір  від мотор ролла  цей виступ особливо вразив присутніх і був завершальним на вернісажі талантів       усіх учасників гучними оплесками привітали студенти  куратори і викладачі  декан факультету тетяна фурсикова зазначила  що на факультеті математики  природничих наук та технологій навчається талановита молодь  усі учасники вернісажу отримали грамоти в особливих номінаціях  вернісаж талантів        це неймовірне дійство  справжнє свято мистецтва  творчості та єднання  студенти продемонстрували свої таланти і переконали всіх  що крім навчального й наукового потенціалу мають безмежний артистизм  фмпнт   родина успішних і талановитих і студентів  інформацію надано студрадою факультету  ",3,1,-2
19,"у понад     країнах світу двічі на рік переводять стрілки годинників  навесні   на годину вперед  а восени   на годину назад  перехід на літній час в україні здійснюється в останню неділю березня о   годині  а перехід на зимовий  поясний  час   в останню неділю жовтня о   годині  у      році перехід на зимовий час припадає на    жовтня  яка ж користь від переходу на літній час  першим таку ідею запропонував у      році один з батьків засновників сполучених штатів америки бенджамін франклін  щоб зекономити запаси свічок  людина прокидається зазвичай на початку світлового дня  а лягає спати значно пізніше  ніж заходить сонце  переведення годинника на годину вперед сприяє ефективнішому використанню денного світла  узимку такий ефект не спостерігаємо  бо сонце сходить пізніше за звичний час пробудження людей  і те  що зекономимо ввечері  утратимо вранці  тут доцільніше повертатися до поясного часу  який є більш близьким до природного  сонячного  часу  у народі його називають  зимовий   у системі поясного часу вся поверхня землі розділена на    часових пояси  у межах поясу час однаковий і дорівнює сонячному часу його центрального меридіану  піонером запровадження літнього часу стала німеччина  під час першої світової війни     квітня      року  перевели стрілки годинників на годину вперед  а   жовтня      р    на годину назад  невдовзі такі ж зміни запровадила велика британія     березня      року конгрес сша на період війни запровадив літній час з метою заощадження палива  що використовувалося для генерації електричного струму  більшість країн  серед них й україна  за рекомендацією європейської економічної комісії оон датою переходу на літній час обрали останню неділю березня  а датою повернення на стандартний час   останню неділю жовтня  поза межами європи є різні традиції щодо дати переходу на літній час і назад  у сша  наприклад  розширюють період дії літнього часу на кілька тижнів порівняно з європейським варіантом  щоб показати свою відмінність від інших цивілізованих країн  росія та її союзники в      році відмовилися від системи літнього часу       року президент росії д  медведєв видав указ  згідно з яким після переходу на літній час у березні      р  подальші переведення годинника були скасовані  таким чином  у багатьох місцевостях росії час відрізняється від сонячного приблизно на   години протягом усього року     вересня      р  аналогічну постанову ухвалила рада міністрів республіки білорусь  спроба влади януковича запровадити такий самий порядок обчислення часу в україні виявилася невдалою     вересня      за постанову про відміну системи літнього часу в україні проголосували     народних депутатів  але після критичних виступів громадськості та численних протестів мешканців західної україни постанову було визнано такою  що втратила чинність  це повернуло україну до європейського часу  отже  у найближчу неділю     жовтня  дружно переводимо годинник на годину назад і отримуємо змогу на годину довше поспати у понеділок зранку  підготував доцент кафедри природничих наук і методик їхнього навчання о  в  волчанський  ",6,3,-3
21,"   жовтня студенти й викладачі факультеті математики  природничих робіт та технологій зустрілися з євгенією шерстюк  начальницею служби управління персоналом нвп  радій   ця зустріч є важливою для здобувачів вищої освіти  оскільки компанія  радій  є лідером з розробки інформаційно цифрових систем безпеки та обладнання для промислових підприємств україни та світу  пані євгенія розповіла про важливість практико зорієнтованого навчання  про вимоги до сучасного фахівця і можливість навчатися із професіоналами у сфері інформаційних технологій  про інновації в галузі  про співпрацю та подальший розвиток  студенти активно залучалися до діалогу  ставили запитання та обговорювали теми  пов язані з майбутніми виробничими практиками та можливостями для молоді на ринку сучасної індустрії  наприкінці зустрічі студенти й викладачі отримали запрошення на екскурсію до нвп  радій   обговорили питання подальшої співпраці та обміну досвідом  інформацію надано кафедрою інформатики та інформаційних технологій  ",0,2,2
22,"   жовтня на кафедрі менеджменту та підприємництва цду імені володимира винниченка проведено відкриту гостьову лекцію професора  доктора економічних наук полтавського державного аграрного університету зось кіора валерія миколайовича  тема  теорія менеджменту  висвітлена у дещо нетрадиційній для академічного стилю формі  цікава подача основ теорії менеджменту ґрунтувалась на психологічних особливостях особистісного розуміння людиною власних бажань та бачення свого професійного майбутнього  лектор дискутував зі студентами щодо власного бачення власного доходу  заробітної плати  кар єрного зростання і вміння адекватно сприймати роботу в команді  актуальними виявилися питання впливу минулого викривлення історії совєтами та багаторічні наслідки радянського нівелювання власного я кожної людини  як особистості  валерій миколайович дуже вдало розкрив поняття мотиваційного потенціалу особистості  чітко визначив значущість самоактуалізації для студентів  готовність до спільної діяльності в групі  в умовах поєднання внутрішньогрупової і міжгрупової конкуренції  вміння поєднувати власні потреби з інтересами групи  підпорядковувати свої мотиви досягненню загального успіху групи чи організації  здатність приймати рішення під зовнішнім тиском в умовах обмеженого часу  вміння брати на себе відповідальність за результати впровадження своїх рішень в життя  валерій миколайович закцентував увагу на питання оптимізму й успішності в бізнесі  лектор наголосив  що позитивне світосприйняття  життєрадісність і спрямованість на пошук необхідних ресурсів є важливими чинниками психосоціального здоров я кожної людини взагалі й особистісної професійної успішності зокрема  у підсумку лекції науковець наголосив на тому  що вивчення методів подолання життєвих криз  розвиток емоційної стійкості та емоційного інтелекту є запорукою успіху в управлінській діяльності та власному бізнесі  інформацію надано кафедрою менеджменту та підприємництва  ",1,4,3
25,"до нового навчального року         відбулося засідання педагогічної студії для керівників методичних об єднань учителів технологій  трудового навчання закладів освіти територіальних громад та підпорядкування івано франківської області в онлайн форматі  під час проведення онлайн дискусії розглядалися проблеми розвитку професійної майстерності вчителів предметів технологічного циклу в умовах нового формату освітньої діяльності  модератор вебінару   володимир гащак  вчитель методист  методист лабораторії природничо математичних дисциплін обласного інституту післядипломної педагогічної освіти івано франківської області  наша викладачка  яка є співрозробницею державного стандарту нуш  оксана абрамова  в о  завідувачки кафедри технологічної та професійної освіти  кандидат педагогічних наук  доцент  виступила на вебінарі з доповіддю та розкрила особливості роботи з конструктором навчальних програм  конструктор навчальних програм   це онлайн інструмент  розроблений проєктом  навчаємось разом  за підтримки мон  українського інституту розвитку освіти та команди підтримки реформ мон  який спрямований на допомогу авторським та педагогічним колективам  а також окремим авторам створювати якісні й цікаві модельні та навчальні програми  що відповідають державному стандарту освіти та потребам місцевих спільнот  даний конструктор має потенціал для об єднання у команди учительської та наукової спільноти разом для спільної роботи та обміну навчально методичними наробками  науково методичне інформування та онлайн дискусії педагогічної студії пройшли у дружній співпраці й взаєморозумінні  що були націлені на отримання цілісного уявлення про організацію освітньої діяльності на уроках технологій  трудового навчання  особливості впровадження нуш на рівні базової середньої освіти тощо  дякуємо організаторам за запрошення та співпрацю  матеріал надано кафедрою технологічної та професійної освіти  ",1,1,0
26,"сучасний світ переживає період стрімкого технологічного розвитку  і однією з важливих галузей  що активно розвивається є  цифрові технології   саме знання цифрових технологій створює багато можливостей для студентів  які мають бажання працювати в сферах програмування  робототехніки та моделювання  що таке спеціальність професійна освіта  цифрові технології   це напрямок навчання  який поєднує в собі знання з комп ютерних наук  інженерії  математики і багатьох інших суміжних галузей  студенти  які обирають цю спеціальність  навчаються програмуванню  створенню інноваційних програмних продуктів  розробці робототехнічних систем та моделюванню деталей для  д друку чи деталей для верстатів  котрі мають чпу  однією з ключових переваг цієї спеціальності є великий попит на фахівців з цифрових технологій на ринку праці  сучасні компанії активно шукають професіоналів  які здатні розробляти програмне забезпечення  створювати інноваційні рішення для автоматизації виробничих процесів та розробки робототехнічних систем  студенти  які обирають спеціальність професійна освіта  цифрові технології  мають можливість брати участь в різноманітних проєктах та стажуваннях  що допомагає набувати практичного досвіду та розвивати власні творчі здібності  уміння й навички  університет співпрацює з великими компаніями  що надає студентам можливості брати участь в реалізації реальних проєктів  наприклад  студенти нашого факультету активно співпрацюють з відділом протидії дезінформації в кіровоградській області  а павлюк денис очолив волонтерський рух в університеті та створив власну команду krop base  ця команда провела більше     різних заходів  котрі спрямовані на підсилення знань з кібергігієни як студентів  так і учнів шкіл  студенти активно беруть участь в громадській діяльності  зокрема засновники команди krop robots студенти денис павлюк та владислав губар провели більше     різних заходів та    занять гуртка на базі цду імені володимира винниченка тим самим показуючи високий рівень підготовки та мотивації наших студентів  зокрема команда krop robots приклала багато зусиль для організації гурткової роботи де навчають дітей моделюванню в дивовижному світу роботів  головна ціль  котра ставиться перед командою є поширення знань stem освіти серед дітей  молоді та всіх охочих  закінчуючи своє навчання за спеціальністю професійна освіта  цифрові технології   студенти мають широкий спектр кар єрних можливостей  вони можуть стати програмістами  системними архітекторами  інженерами робототехніками  аналітиками даних  а також займатися дослідженнями і розробками в галузі штучного інтелекту та віртуальної реальності  спеціальність професійна освіта  цифрові технології   відкриває широкі горизонти для молодих людей  які бажають бути в курсі останніх технологічних досягнень і сприяти їх розвитку  це напрям навчання  який допомагає студентам реалізувати свій творчий потенціал та стати справжніми лідерами в галузі цифрових інновацій  інформацію підготував студент групи цт  б павлюк денис   ",0,2,2
27,"у понеділок    жовтня у студентів спеціальностей     середня освіта  математика  інформатика  географія  хімія  природничі науки  біологія та здоров я людини  цду імені володимира винниченка взяли участь у звітній конференції з питань проходження пропедевтичної практики з педагогіки  у ході виступів у студентів були яскраво виражені емоції від незабутнього тижня в школах  обміну досвідом  студент вчитель   освоєння праці та навичок як молодих вчителів  загалом студенти проходили практику у трьох формах  дистанційно  змішано  очно  всі практиканти виконали свою місію і це був безцінний досвід  адже студенти ознайомились з різними формами й етапами навчання  що є корисним за умов пандемії та війни   прийшов до школи  я був дещо розгублений  хвилювався за роботу з дітьми  але після знайомства з класом  де всі учні радо зустріли нового вчителя  я зрозумів  що практика пройде успішно  як це тільки можливо  отримав досвід викладання та плідної виховної роботи з дітьми  що принесло мені велику радість  наприкінці практики я не хотів залишати стіни рідної школи  діти запрошували працювати з ними й надалі  а педагогічний колектив зустрів мене як свого колегу     ділиться враженнями студент андрій малий  висловлюємо слова вдячності доцентам інні краснощок і тетяні кравцовій за можливість відчути себе не учнями  а вчителями у ззсо і пересвідчитись у правильності нашого вибору стати педагогами  інформацію надано студрадою фмпнт  ",2,0,-2
29,"за традицією  що склалася вже досить давно  команди нашого факультету взяли участь в     світової першості з програмування серед студентських команд  у далекому      році це була команда kspu   у складі студентів ігоря мазурика  спеціальність  фізика та математика    володимира матвєєва  спеціальність  математика та фізика   та віталія сапроненка  спеціальність  прикладна математика    одна восьма міжнародної студентської олімпіади з програмування   acm icpc    це перший відбірковий етап all ukrainain collegiate programming contest  на якому визначаються кращі команди областей  цього року від кіровоградської області змагалися   команди від центральноукраїнського державного університету імені володимира винниченка та   команд центральноукраїнського національного технічного університету  охарактеризуємо наші команди  cusu    магістри іі курсу спеціальності  комп ютерні науки  єгор клименко та дмитро ніщеменко  і магістрант і курсу спеціальності  менеджмент  сергій гацелюк   cusu code monkeys  магістранти і курсу спеціальності  комп ютерні науки  сергій гриневич та микита шилов і спеціальності  менеджмент  олександр гаврилюк    cusu kroped  студенти   курсу спеціальності  комп ютерні науки  олександр нестеренко  дмитро рафєєв та денис дужич  та дебютанти змагань   команда cusu lolcode у складі студентів іі курсу спеціальності  комп ютерні науки  анни стріхарчук  максима моторного та сніжани грек  контест цього року  як і минулого  відбувався у дистанційному режимі  що  однак  не зіпсувало атмосферу змагання  адже учасники у реальному часі могли бачити на турнірній таблиці свій рейтинг не тільки серед команд області  але й серед команд регіону  кіровоградські команди разом з командами з черкаської  полтавської та дніпропетровської областей належать до центрального регіону   а також серед усіх     українських команд  які в цей день брали участь у першому турі олімпіади  за   годин  протягом яких тривав контест  тільки двом командам  з київського національного та львівського національного університетів  вдалося вирішити усі запропоновані    задач  серед команд центрального регіону найкращий результат у шкільних команд з полтавського ліцею інформаційних технологій  м  кременчук   які тренує випускник нашого факультету  переможець конкурсу  вчитель року        заслужений учитель україни валентин іванович мельник  команда s polit   розв язала   задач  шкільні команди беруть участь у змаганнях поза конкурсом  але у турнірній таблиці їхні результати також відображають   серед студентських команд центрального регіону найкращий результат     задачі   показала команда bknuc dungeonmasters черкаського національного університету імені богдана хмельницького  усі кіровоградські команди були результативними та майже всі розв язали по дві задачі  за рейтингом на основі отриманих штрафів першою серед наших команд стала команда cusu    другою   cusu lolcode  третьою   cusu kroped  а четвертою   cusu code monkeys з однією задачею  що ж  чекатимемо остаточних результатів туру та будемо готуватись до наступних змагань  побажаємо усім учасникам та їхнім тренерам міцного здоров я  наснаги  миру та успіхів у розв язанні не тільки задач з програмування  а й життєвих  інформацію надано кафедрою інформатики та інформаційних технологій  ",1,4,3
32,"наприкінці вересня відбувся масштабний довгоочікуваний захід для студентів нашого університету    студмісто        організований молодіжним центром цду імені володимира винниченка  спонсорами нашого заходу стали  управління молоді та спорту  lifecell  спортивний клуб  борець   музей етнолабораторія  баба єлька   apple bomba  ресторація кропивницьких та freak dance studio  першокурсники поринули у студентське спідлкування   працювали в команді  навчилися розуміти без слів  підтримувати та допомагати один одному та водночас не втрачати дух суперництва  ранкова руханка та флешмоб допомогли студентам остаточно прокинутись та розім яти м язи  кожен факультет представляла команда учасників  які відважно змагались та раділи кожному пройденому етапу разом  студенти активно проходили кожну із локацій в студмісті  грали в волейбол  також  від кожного факультету було представлено по декілька номерів  веселі пісні  драйвові танці  читання віршів  гра на скрипці   це все незабутня атмосфера виступів студентів  коли настав час підбивати підсумки  затамувавши подих  команди та їх групи підтримки уважно слухали та чекали результатів  студенти з радістю отримували свої призи  не менш важливим став обід  після смачного частування з новими силами продовжили роботу над згуртуванням   формацію надано студрадою фмпн  ",2,1,-1
33,"      вересня      року відбулася vi міжнародна наукова конференція  інформаційні та інноваційні технології в xxi столітті   яка була організована сілезькою академією  республіка польща  спільно з бердянським державним педагогічним університетом  братиславським університетом економіки і менеджменту  словаччина   мелітопольським державним педагогічним університетом імені богдана хмельницького  центральноукраїнським державним університетом імені володимира винниченка та іншими українськими закладами вищої освіти й громадськими організаціями  пленарне засідання проводилося у змішаному форматі  модераторами виступили тетяна несторенко  проф  сілезької академії та назар добош  доц  львівського національного університету імені івана франка  науковий форум розпочав ректор сілезької академії  проф  сілезької академії александер остенда  він привітав усіх присутніх та учасників конференції  які приєдналися заочно  й побажав цікавих дискусій  подальших успіхів у науковій діяльності та співпраці між закладами освіти  також із вітаннями виступили  якуб щвєжавський   декан wabiss сілезької академії  наталя фалько   ректор мелітопольського державного педагогічного університету імені богдана хмельницького  юрій лянной   ректор сумського державного педагогічного університету імені а с  макаренка  лілія клочек   проректор з наукової роботи центральноукраїнського державного університету імені володимира винниченка та яна сичікова   проректор з наукової роботи бердянського державного педагогічного університету  на конференції виступили викладачі й науковці національного університету  львівська політехніка   бердянського державного педагогічного університету  національного технічного університету  харківський політехнічний інститут   центральноукраїнського державного університету імені володимира винниченка  доповіді науковців були присвячені економічним та фінансовим проблемам  інноваціям інформаційних технологій  питанням стратегій розвитку освіти й науки тощо  викладачі факультету математики  природничих наук та технологій нашого університету стали активними учасниками цієї конференції й виступили із доповідями у сілезькій академії  оксана абрамова   в о  завідувача кафедри технологічної та професійної освіти  кандидат педагогічних наук  доцент  тема доповіді  особливості формування дослідницьких умінь школярів під час роботи над stem проєктами   наталя мироненко   кандидат педагогічних наук  доцент  тема доповіді  формування життєвих компетентностей майбутніх фахівців технологічної освіти під час вивчення дисциплін професійної підготовки   ольга пуляк   кандидат педагогічних наук  доцент  тема доповіді  сучасний стан та особливості формування ґендерної компетентності здобувачів у закладах вищої освіти україни   до участі у конференції в дистанційному форматі долучилися науково педагогічні працівники та здобувачі освіти факультету математики  природничих наук та технологій  факультету фізичного виховання  факультету педагогіки  психології та мистецтв тощо  секційні засідання проводилися вишами співорганізаторами конференції  в тому числі й у центральноукраїнському державному університеті імені володимира винниченка  зокрема  до роботи долучилися викладачі та здобувачі факультету математики  природничих наук та технологій  андрій ткачук   кандидат педагогічний наук  доцент кафедри технологічної та професійної освіти  оксана кіреєва  ірина приходько   здобувачки спеціальності середня освіта  трудове навчання та технології   анастасія голубець   здобувачка спеціальності професійна освіта  технологія виробів легкої промисловості   результати досліджень  презентовані на конференції будуть опубліковані у колективній монографії  якій буде присвоєно isbn та doi та оприлюднено на сайті сілезької академії  бажаємо подальшої співпраці вузам партнерам  наукових і творчих здобутків  миру й перемоги  інформацію надано кафедрою технологічної та професійної освіти сертифікати учасників конференції  ",0,2,2
34,"на стадіоні факультету фізичного виховання цду імені володимира винниченка провели ранкову руханку з нагоди міжнародного дня студентського спорту  долучились до неї і студенти факультету математики  природничих наук та технологій  понад     студентів першокурсників під час руханки виконували фізичні вправи у супроводі української музики  мета заходу   популяризувати спорт  фізичну активність та здоровий спосіб життя серед молоді  до руханки також долучилися спортсмени кіровоградщини  випускники університету  олександр симоненко  олег дорощук  дмитро яковенко  владислава лягаєва  анастасія конюх  юрій симоненко  та інші  ми пишаємося ними  і віримо  що наші студенти й надалі будуть здобувати перемоги  ранкова руханка пройшла в приємній атмосфері та залишила гарні враження  інформацію надано студрадою фмпнт  ",1,1,0
35,"вересень      року запам ятався студентам першокурсникам не лише початком навчання в університеті  а й цікавими подіями на факультеті математики  природничих наук та технологій  одним із таких заходів був день першокурсника  організований на базі  буревісник  цду імені володимира винниченка  учасники поринули у студентське життя  брали активну участь у квесті  ранкова руханка та флешмоб допомогли студентам та викладачам налаштуватися на цікаві змагання    команд активно проходили кожну із локацій   літера а    крокодил    лабіринт    павутинка    пінгвін    рівновага  та  пінг понг   незважаючи на велику конкуренцію  кожна з команд злагоджено взаємодіяли між собою  арбітри заохочували всіх учасників  пояснювали правила та намагалися утримати командний дух  допомогли організувати свято студенти факультету фізичного виховання  поки підраховували результати змагань та визначали переможців  студентська молодь весело й активно відпочивала  для них влаштували дискотеку в павільйоні  всі танцювали  позитивно спілкувалися та знімали відео  через погодні умови студентам не вдалося провести змагання з волейболу  однак вони організували власну гру  наприкінці зустрічі підвели підсумки спортивних розваг  всі команди доклали зусиль  щоб перемогти в цих захопливих змаганнях  всі вони молодці  цікаве спілкування і козацький куліш від декана тетяни фурсикової додали позитивних емоцій усім учасникам заходу  щоб гарно вчитися  треба гарно відпочити  інформацію надано студрадою факультету  ",1,0,-1
36,"   та    вересня      року студенти центральноукраїнського державного університету імені володимира винниченка  групи бх  б  бх  б  бх  б  пн  б  відвідали кіровоградський науково дослідний експертно криміналістичний центр мвс україни  зустрів студентів та ознайомив із загальними особливостями роботи центру коломоєць олександр дмитрович  кандидат юридичних наук  доцент  провідний фахівець з організації наукової роботи відділу забезпечення діяльності кіровоградського ндекц  олександр дмитрович навів багато життєвих прикладів з роботи експертів  підкреслив необхідність дотримки правових норм у повсякденному житті  наголосив на правилах дії в екстренних ситуаціях  додав чудовий виховний момент щодо підтримки психічного здоров я та мирного врегулюванні соціально побутових конфліктів  у відділі біологічних досліджень та обліку студенти отримали повноцінну інформацію про методи встановлення наявності біологічного матеріалу  а також визначення видової та групової належності цього матеріалу  завідувач відділом михальська тетяна володимирівна разом з керівником екскурсії доцентом кафедри природничих наук і методики їхнього навчання  к б н   бобровою марією сергіївною провели бінарне лабораторне заняття за темою  визначення видової та групової належності крові   особливу увагу тетяна володимирівна приділила інформації про методи молекулярно генетичної експертизи  яка надзвичайно актуальна в умовах війни  відвідування хімічної лабораторії дало можливість студентам дізнатися про криміналістичне дослідження матеріалів та речовин  досвід має велике значення для наших студентів  оскільки дає можливість краще зрозуміти сучасні методи криміналістичного аналізу та використовувати отримані знання при подальших дослідженнях у цій області  на завершення цитуємо слова подяки працівникам ндекц від студентки групи бх  б ляховецької софії   ми хочемо висловити особливу вдячність за той неймовірно цікавий потік інформації  який був представлений нам під час нашого візиту  ваша команда експертів продемонструвала надзвичайну компетентність та високий професіоналізм  і ми віримо  що такі спільні ініціативи сприяють розвитку освіти та дослідницької роботи в україні  ще раз дякуємо за ваш час та досвід  якими ви поділилися з нами  ми сподіваємося на подальшу співпрацю і можливість знову відвідати ваш центр    ",1,1,0
37,"ваші дії  ваші слова мають дуже велике значення для людей з інвалідністю  пам ятайте про це     вересня студенти групи тн  б та викладачка кафедри технологічної та професійної освіти ольга пуляк під час години куратора взяли участь у фаховому вебінарі  що був проведений в межах програми  місія  пурпуровий жилет   цей вебінар присвячений темі  готовність до надання допомоги людям з інвалідністю в надзвичайній ситуації   серія фахових вебінарів проводиться за сприяння посольства ізраїлю в україні  наголошено на питаннях доступності громадських будівель та освітніх закладів  запропоновані рекомендації та поради про поведінку та надання допомоги людям з інвалідністю під час надзвичайної ситуації  евакуації  слідування до прихистку  сховища  центру прийому біженців  створення дорожньої карти для людей з інвалідністю тощо  наведені приклади діяльності організації в допомозі україні  інформацію надано кафедрою технологічної та професійної освіти  ",1,0,-1
38,"з метою удосконалення оп  середня освіта  природничі науки   та  середня освіта  хімія  біологія та здоров я людини   підготовки здобувачів першого  бакалаврського  рівня вищої освіти спеціальностей        середня освіта  природничі науки  та        середня освіта  хімія  відбулося засідання робочих груп відповідних програм  у його роботі взяли участь гарантка освітньої програми  середня освіта  природничі науки    докторка педагогічних наук  професорка кафедри валентина плющ  гарантка освітньої програми  середня освіта  хімія  біологія та здоров я людини   кандидатка педагогічних наук  доцентка тетяна форостовська  члени робочої групи та інші члени кафедри  докторка історичних наук  професорка ганна дефорж  кандидат фізико математичних наук  доцент олег волчанський  кандидатка біологічних наук  доцентка ганна аркушини та кандидатка біологічних наук  доцентка марія боброва  до участі у обговоренні також залучилась декан факультету математики  природничих наук та технологій докторка педагогічних наук  професорка тетяна фурсикова  учасники засідання обговорили напрямки і проміжні результати реалізації освітньої програми  зокрема підсумки екзаменаційної сесії здобувачів освіти за спеціальностями  крім того було проаналізовано результати атестації студентів відповідних програм та рекомендації голів ек  під час обговорення увагу акцентовано на особливостях та перевагах програми  наголошено на необхідності збільшенні частки методичних дисциплін  проаналізовано програмні результати навчання та відповідність зазначених компетенцій сучасним запитам суспільства  за результатами засідання ухвалили рішення про урахування окреслених пропозицій у проекті оп на      рік  інформацію підготувала д п н   професорка валентина плющ  ",2,0,-2
39,"   вересня      року викладачі кафедри технологічної та професійної освіти разом зі студентами спеціальностей     трудове навчання та технології та     професійна освіта  твлп  взяли участь у гостьовій лекції  захід відбувся за сприяння кафедри психології мелітопольського державного педагогічного університету імені богдана хмельницького  здобувачі вищої освіти  викладачі та гості з горлівського інституту іноземних мов двнз  донбаський державний педагогічний університет   донецького державного університету внутрішніх справ  одеського інституту прат  внз  мауп   центральноукраїнського державного університету імені володимира винниченка  університету григорія сковороди в переяславі  мали нагоду послухати гостьову онлайн   лекцію на тему   розвиток стресостійкості та розкриття внутрішніх ресурсів   яку провела калашник ілона вікторівна   кандидат психологічних наук  доцент кафедри психології глибинної корекції та реабілітації черкаського національного університету ім  богдана хмельницького  лекція була приурочена до     річчя мелітопольського державного педагогічного університету імені богдана хмельницького  лекторка підкреслила  що вже понад півтора роки україна живе у стані постійного стресу і невизначеності  зумовленого повномасштабною війною  яку розв язала російська федерація на території нашої держави  щодня ми чуємо новини про трагедії та обстріли наших територій  людські та матеріальні втрати  руйнування і катастрофи  все це додає напруження і негативних емоцій  що може погіршувати психологічне здоров я та самопочуття  саме в цей час  коли багато людей переживають складні стресові ситуації важливими стають лекції бесіди  консультації кваліфікованих фахівців у галузі психології  які покликані допомогти забезпечити правильний та раціональний контроль власних емоцій  учасники заходу поспілкувалися про те  як допомогти собі та іншим пережити стрес у період воєнного стану  лекторка кваліфіковано та доступно розповіла про динаміку емоцій під час війни  фази стресу  розказала як контролювати емоції та навчитися самостійно справлятися зі стресом  вказала на ефективні методи і прийоми зняття стресу  розкрила сучасні технології надання психологічної допомоги і охарактеризувала їх можливості в роботі психолога  обговорення цих нагальних питань викликало жваву дискусію  присутні задавали питання  обмінювалися інформацією щодо надання психологічної допомоги  пропонували продовжити взаємодію у форматі проведення майстер класів  кожен слухач мав змогу почерпнути для себе цікаву та корисну інформацію  висловлюємо щиру подяку організаторам та лектору за актуальну та змістовну бесіду  інформацію надано кафедрою технологічної та професійної освіти  ",7,2,-5
40,"  вересня      р  нашу команду krop robots запросили до львову  де розпочався захопливий молодіжний захід  молодвіж  не легко  але мрій   який спеціально створений для молоді з метою вислухати їхні мрії та надихнути на досягнення нових цілей та мрій  цей захід об єднав молодих і творчих індивідів із різних галузей  щоб вони могли поділитися своїми ідеями та досвідом  послухали експертів на кожній з локацій та просто відпочили на концертах  які проходили вечері на локаціях  до якої також долучилися команда krop robots  особливою подією на заході був виступ студентів спеціальностей професійна освіта  цифрові технології  дениса павлюка та середня освіта  трудове навчання та технології  влада губаря   членів команди krop robots  яка вразила учасників своєю доповіддю на локації воркшоп upshift  представники krop robots розповіли про свою участь у проекті  який спрямований на навчання дітей та молоді робототехніки та stem освіти  їхній проєкт вразив всіх присутніх своєю оригінальністю та важливістю завдання  яке вони виконують  роботи krop robots допомагають розвивати інтерес до науки та технологій серед молоді  сприяючи розкриттю їхнього потенціалу у цих сферах  можливість покерувати в живу надихає молодих людей спробувати себе в новій для них професії  молодь та учасники заходу залишилися вражені ініціативою krop robots та впевнені  що такі проекти важливі для подальшого розвитку освіти та інновацій в україні   молодвіж  стає не лише місцем для мрій  але й для конкретних дій на благо молоді та майбутнього країни  інформацію підготували студент групи цт  б денис павлюк та проф  о м трифонова  ",2,1,-1
44,"напередодні нового навчального року відбулася презентація навчальної програми  арт технології  для     класів та зошита посібника для учнів   класу  розроблених для закладів загальної середньої освіти  що впроваджують інноваційний освітній проєкт всеукраїнського рівня  дидактико методичне і навчальне забезпечення реалізації концептуальних засад реформування базової середньої освіти  на           роки   ліга крилатих    автором концентру  технології  є доцент кафедри технологічної та професійної освіти  доктор педагогічних наук  професор людмила чистякова та випускниця кафедри  а нині   вчитель трудового навчання нвк  знам янська зш і ііі ступенів    ліцей   фіналістка конкурсу  вчитель року         антоніна проша  на зустрічі з вчителями україни  які цього року викладатимуть у   класах  ліги крилатих  було представлено особливості навчальної програми  її дидактичні можливості та очікувані результати  представлено зошит посібник  за яким для учнів пропоновані різні завдання  що містять інтеграцію з музичним та образотворчим мистецтвом  передбачають розвиток творчого потенціалу учнів  їхнього критичного й технічного мислення  екологічної культури  до активного обговорення долучилися науковий керівник проєкту  ліга крилатих   старший науковий співробітник відділу навчання української мови та літератури інституту педагогіки напн україни  кандидат педагогічних наук  доцент людмила попова  вчителі з різних міст україни  схвальні відгуки отримав посібник   класу  актором якого також є л  чистякова  зокрема  найбільш позитивно оцінили учні й учениці  вчителі проєкт  карта досягнень   що містив технології  які були опановані впродовж навчального року  випилювання  вишивання  ниткографія  випалювання  аплікація  технологія оброблення текстильних матеріалів машинним способом тощо  попри тривоги та чергування тижнів очного  дистанційного навчання  учні та учениці виготовили дерево досягнень  де на кожному листочку за qr кодом можна знайти виготовлений проєкт   власний поступ кожного здобувача освіти у навчальній діяльності  зичимо легкого польоту  крилатикам   нових звершень та успіхів   ",3,3,0
45,"вітаємо павлюка дениса андрійовича студента іv курсу першого  бакалаврського  рівня вищої освіти  cпеціальності      професійна освіта  цифрові технології   групи цт  б  факультету математики  природничих наук та технологій центральноукраїнського державного університету імені володимира винниченка з призначенням іменної академічної стипендії верховної ради  https   zakon rada gov ua laws show z        text  україни на             навчальний рік  враховуючи активну громадську  волонтерську  наукову діяльність дениса павлюка наказом мону від            р        йому була призначена іменна стипендія  це визнання проробленої праці  відданості навчанню та таланту  бажаємо  щоб досягнення дениса стали прикладом для інших студентів  стипендія верховної ради україни   це не лише винагорода за старання  але й сприяння для подальшого успішного навчання та наукового розвитку  ми сподіваємося  що ця стипендія стане для дениса додатковим стимулом до досягнення нових висот у освітній і науковій кар єрі  весь колектив факультету математики  природничих наук та технологій ще раз вітає і бажає подальших успіхів у навчанні та науковій діяльності  дякуємо за зроблене і сподіваємося на багато яскравих досягнень у майбутньому  інформацію підготувала проф  о м трифонова  ",0,1,1
47,"влітку факультет математики  природничих наук та технологій отримав значну підтримку в покращення матеріальної бази кафедри технологічної та професійної освіти  за сприяння американської благодійної організації  wrap the world with quilts inc   та громадської організації  ассоціація майстрів клаптикового шиття україни   з якою впродовж багатьох років співпрацює д п н   професор людмила чистякова  в оновленій аудиторії з явилися три сучасні швейні машини  bernina bernette sew go     таке обладнання сприятиме удосконаленню навичок шиття студентів  реалізації різноманітних навчальних проєктів  а також допоможе у волонтерській діяльності  оскільки із      року викладачі та студенти активно беруть участь у волонтерстві   шиють для військових  а з початком повномасштабної війни   і для внутрішньо переміщених осіб  крім цього  технологічні можливості швейних машин допоможуть розширити спектр практичних навичок студентів та поліпшити якість освітнього процесу  вже проведені гурткові заняття з екологічної переробки текстильних матеріалів та майстер клас  на який запрошено відомих у місті майстринь клаптикового шиття  членів асоціації надію мартовську та випускницю факультету ірину кудревич  які ділилися секретами печворка зі студентами  щиро дякуємо партнерам  наближаємо перемогу разом  інформацію надано кафедрою технологічної та професійної освіти  ",1,1,0
48,"учасники проєкту з напрямку жан моне розпочали навчальний рік з проведення літньої школи  тренінг з гендерної рівності  початок           навчального року учасники проєкту  субнаціональна гендерна рівність  баланс цінностей єс та українських реалій   скорочена назва  subgend   за програмою єс еразмус  з напрямку жан моне позначили проведенням третьої літньої школи  тренінг з гендерної рівності   ця школа була особливою  так як проведена була за участі управлінців освіти кропивницької міської ради  директорів та заступників директорів міських шкіл  ініціатором проведення підвищення кваліфікації педагогічної громадськості нашого міста стала начальниця управління освіти кропивницької міської ради лариса давидівна костенко  отже  з   до    серпня      року в обсязі    годин    кредити єктс  були організовані в дистанційній формі на платформі google meet тренінги у вигляді спілкування спікерів   катерини акбаш  наталі пасічник та рената ріжняка   з учасниками школи з проблем гендерної рівності у сфері освіти  мас медіа  на ринку праці  їх статистичні виміри    обсяги та зміст навчання слухачів школи відповідали положенням прийнятій в кінці      року  стратегії впровадження гендерної рівності у сфері освіти до      року  та позиціям  операційного плану заходів на           роки з реалізації  стратегії впровадження гендерної рівності у сфері освіти до      року   слухачі разом зі спікерами протягом проведення літньої школи виявляли й вивчали проблеми фемінізму та реалізації гендерних проєктів в україні та в європейському співтоваристві  особливості візуалізації даних з гендерної статистики в освіті  гендерні проблеми прихованого навчального плану в системі освіти та гендерного дисбалансу української освіти на національному та субнаціональному рівнях  особливості формування гендерних стереотипів у мас медіа  причини протидії гендерній рівності в україні та гендерні аспекти рівності в політико правовій сфері  окремим блоком навчання стали рольові ігри  де слухачі на практичному рівні опановували концепції  стать  і  гендер   вивчали зміст та походження стереотипів  оцінювали вплив культурного досвіду на сприйняття інших людей  з ясовували практичну сутність понять горизонтальної та вертикальної сегрегації  в день завершення навчання керівництвом управління освіти кропивницької міської ради було організоване урочисте вручення слухачам сертифікатів про підвищення кваліфікації  команда виконавців проєкту продовжує реалізовувати основну мету виконання проєкту  а саме популяризувати гендерну проблематику та привертати увагу громадськості до просування гендерної рівності та універсального включення гендерних вимірів  ми готові до співпраці   ",4,0,-4
49,"    липня      року студентка групи тн  б анна молдовану  доцентка кафедри технологічної та професійної освіти ольга пуляк та доцентка кафедри дошкільної та початкової освіти факультету педагогіки  психології та мистецтв вікторія вдовенко взяли участь у тренінгу з основ соціальної інтеграції в громадах в рамках проєкту інституту соціокультурного менеджменту  іскм   локальна підтримка   який фінансується в рамках проєкту  розбудова структур надання послуг та освітнього потенціалу для психосоціального забезпечення в україні   який впроваджується giz за дорученням уряду німеччини  угода no            тренінг запроваджений для психосоціальної підтримки для жителів громад  в тому числі впо  науковим консультантом проєкту виступила доцентка технологічної та професійної освіти оксана абрамова  тренером цього заходу був андрій круп як   тренер консультант з організаційного розвитку го  товариство лева  з    річним досвідом успішної роботи як в україні  так і за кордоном  питання соціальної інтеграції в нашому регіоні наразі є вкрай важливим  багато людей через наслідки військових дій потребують допомоги соціальної інтеграції та вирішення конфліктів в громадах  саме ці та інші актуальні питання було запропоновано опрацювати учасникам тренінгу     що таке громада  види громад та їх ключові ознаки  ресурси громад  економічний розвиток громад  соціальна інтеграція     сутність конфлікту  типи конфліктів за причиною виникнення  конфлікт даних  конфлікт цінностей  стилі поведінки в конфлікті  способи вирішення конфлікту  види переговорів     методи локального аналізу для дослідження потреб впо місцевої громади  план дій з вдосконалення інтеграції впо в життя місцевих громади  тренінг носив практико зорієнтований характер  а знання  вміння та навички  які отримали наші викладачки та студентка  допоможуть у роботі зі здобувачами  в тому числі із числа впо  інформацію надано кафедрою технологічної та професійної освіти  ",0,1,1
51,"викладачі кафедри математики та методики її навчання долучилися до vii міжнародної конференції української асоціації дослідників освіти  трансформація освіти  виклики сучасності   яка відбулася як завжди  в червні  організатори конференції дали можливість учасникам дізнатися про нові тренди сучасної освіти і створили умови для дискусії та знайомства  конференція складалася з чотирьох панельних дискусій  панельна дискусія   на тему  штучний інтелект в освіті  можливості та виклики  була присвячена застосуванню інструментів штучного інтелекту  ші  в освіті  модератор   алла красуля  канд  пед  наук  доцентка кафедри германської філології  сумський державний університет  україна  ризький технічний університет  латвія   спікери поділилися кращими практиками застосування інструментів ші у своїй педагогічній діяльності зокрема  професор марсело мілрад  університет ліннея  швеція  виступив з доповіддю  artificial intelligence in education  perspectives  opportunities and challenges   що дало змогу слухачам не тільки зануритися у світ нових можливостей та перспектив ші  а й розглянути виклики  пов язані з ним  учасники конференції дізналися про ші та постредагування машинного перекладу  доповідачка валентина богатирець  кандидатка політичних наук  доцентка кафедри іноземних мов і перекладу  перекладачка  членкиня уадо  методи та підходи до вивчення лексики за допомогою ші у процесі вивчення англійської мови  доповідач остап бодик  кандидат філологічних наук  доцент  завідувач кафедри англійської філології  маріупольського державного університету   особливий інтерес викликала доповідь олексія воронкіна  кандидата педагогічних наук  викладача інформатики та фізики сєвєродонецького фахового коледжу культури і мистецтв імені сергія прокоф єва про можливості використання генеративного ші в освіті  у процесі обговорення доповідей колеги також поділилися своїми напрацюваннями  використання інструментів штучного інтелекту  порівняльний аналіз систем автоматизованого перекладу застосування штучного інтелекту у перекладацькій діяльності  від минулого до майбутнього панельна дискусія    відкрита наука і відкрита освіта  тренди майбутнього  була присвячена питанням відкритої науки та відкритої освіти як трендів сучасності  модератор   людмила загоруйко  кандидатка педагогічних наук  доцентка кафедри іноземних мов економічного факультету київського національного університету імені тараса шевченка віце президентка української асоціації дослідників освіти  обговорювалися питання мапування відкритих наукових ресурсів та форм відкритої науки  з доповіддю про встановлення глобальної дослідницької справедливості шляхом мапування відкритих наукових ресурсів виступила джо хавеманн  доктор наук  незалежний консультант та тренер з питань відкритої наукової комунікації та глобальної дослідницької справедливості  https   docs google com presentation d  fbvwsodpvoqin  s er zi ppafmnq  ccjusfymxic edit slide id g     ca   c          саме засобами вільної науки  на її думку  можна  хоча б частково  компенсувати дисбаланс між можливостями і потребами  вона продемонструвала колесо привілеїв  яке має досить потужний інформативний характер  що дуже цінно для всіх нас  спікер олена ковальчук  докт  пед   наук  професор  університет екс марсель  національний університет харчових технологій   членкиня правління уадо  виступила з доповіддю  відкрита наука в міжнародних дослідженнях   доповідачка  зокрема  розповіла про національну електронну науково інформаційну систему nauka та enlight   альянс    провідних європейських університетів  співпраця яких надала студентам вільне пересування  спільне користування їх ресурсами та ін  виступи викликали жваву дискусію та висловлення різних поглядів  зокрема й на те  як функціонує відкрита наука в україні і чи має вона бути відкритою  панельна дискусія    академічна доброчесність і культурний контекст  була присвячена академічній доброчесності та порушила дискусійне питання щодо можливості розробки глобальних етичних стандартів   які б враховували культурні відмінності  та необхідності врахування контексту при оцінці академічної доброчесності  модератор   оксана заболотна  доктор педагогічних наук  професор кафедри іноземних мов уманського державного педагогічного університету імені павла тичини  головний науковий співробітник відділу міжнародних зв язків та наукової співпраці інституту педагогіки напн україни   президент української асоціації дослідників освіти  доктор фізико математичних наук  професор ну  запорізька політехніка   член національної команди експертів з реформування вищої освіти  член правління уадо володимир бахрушин виступив з доповіддю  скільки коштує академічна недоброчесність    а оксана заболотна окреслила дискусійні питання для обговорення  зокрема   академічна доброчесність  одна для всіх чи кожному своя    доцентки кафедри математики та методики її навчання зоя халецька та людмила яременко теж брали активну участь в обговоренні питань  як впливає культурний контекст на академічну доброчесність  чи можуть культурні відмінності стати причиною спокус для порушення етичних норм у науковій спільноті  остання дискусійна панель   сесія запальних промов   у форматі i talk  калейдоскоп ідей  проєкти членів уадо була присвячена презентації проєктів  які члени уадо реалізують за підтримки європейської асоціації дослідників освіти за участі президента єадо джо о хари  модератор   людмила загоруйко  кандидатка педагогічних наук  доцентка кафедри іноземних мов економічного факультету київського національного університету імені тараса шевченка віце президентка української асоціації дослідників освіти  під час цієї зустрічі було оголошено про подальші заходи уадо  спрямовані на підтримку її членів  інформацію підготувала доцентка кафедри математики та методики її навчання людмила яременко  ",9,7,-2
52,"о в волчанський провів віртуальні екскурсії  загадки неба  за допомогою електронного планетарію  презентацій та роботи із приладами  учні з цікавістю ознайомились із будовою всесвіту і нашої сонячної системи  здійснили мандрівку зоряним небом за допомогою віртуального планетарію  гості дізналися про історію виникнення сузір їв і їхніх назв із давньогрецьких міфів і легенд  учасники екскурсії прослідкували  як обертання землі по орбіті створює видимий річний рух сонця на фоні сузір їв і як сформувалось зодіакальне коло  порівнюючи сучасні і старовинні карти зоряного неба учні дослідили зміну розташування зодіакальних сузір їв  спричинену прецесією  періодичною зміною напряму  земної осі  учні дізнались про умови виникнення затемнень і за допомогою електронного планетарію провели віртуальні спостереження повних сонячних і місячних затемнень із різних точок нашої планети  у завершальній частині екскурсії гості виступили у ролі астрофізиків  за допомогою оптичних приладів провели дослідження спектрів нагрітих газів  які в астрономії дозволяють встановлювати хімічний склад і фізичну будову космічних об єктів  інформацію підготував доцент кафедри природничих наук і методик їхнього навчання о в волчанський  ",1,0,-1
54,"згідно з перспективним планом проведення наукових  науково практичних конференцій  круглих столів і семінарів університету    червня      р  відбулася xv міжнародна науково практична інтернет конференція  проблеми та інновації в природничо математичній  технологічній і професійній освіті   співорганізаторами конференції виступили кафедра технологічної та професійної освіти центральноукраїнського державного університету імені володимира винниченка і лабораторія дидактики фізики  технологій та професійної освіти інституту педагогіки національної академії педагогічних наук україни у центральноукраїнському державному університеті імені володимира винниченка  учасників конференції привітали проректор з наукової роботи університету лілія клочек  доктор психологічних наук  заступник декана факультету математики  природничих наук та технологій олена трифонова  доктор педагогічних наук  катерина мирошніченко президент асоціації працівників професійної освіти україни  у конференції взяли участь близько ста провідних вчених із різних регіонів україни  зокрема  із доповідями   освіта україни  реалії реформ та перспективи розвитку освіти в україні  виступив доктор педагогічних наук  професор  академік національної академії педагогічних наук україни та національної академії аграрних наук україни станіслав ніколаєнко  ректор національного університету біоресурсів і природокористування україни   перспективи розвитку технологічної освіти   проблеми стандартів  доктор педагогічних наук  професор станіслав ткачук  декан факультету інженерно педагогічної освіти уманського державного педагогічного університету імені павла тичини   про освітні втрати  кандидат педагогічних наук володимир сіпій  завідувач відділу біологічної  хімічної та фізичної освіти інституту педагогіки національної академії педагогічних наук україни   м які  навички як ефективний чинник формування лідерських якостей  доктор педагогічних наук  професор лариса сергеєва  завідувач кафедри професійної та вищої освіти державного закладу вищої освіти  університет менеджменту освіти  напн україни   методологічні аспекти технологічної освітньої галузі  доктор педагогічних наук  професор володимир стешенко  професор кафедри теорії і практики технологічної та професійної освіти  двнз  донбаський державний педагогічний університет    перспективи упровадження іт технологій та штучного інтелекту у зво  доктор педагогічних наук  професор олександр мартинюк  професор кафедри експериментальної фізики  інформаційних та освітніх технологій волинського національного університету імені лесі українки   дослідження нових галузей біологічної науки в україні  кінець хіх   початок хх століття  доктор історичних наук  професор ганна дефорж  професор кафедри природничих наук і методик їхнього навчання центральноукраїнського державного університету імені володимира винниченка   розв язування задач інтегративного змісту  контекст підготовки вчителів математики та економіки  доктор історичних наук  професор ренат ріжняк  професор кафедри математики та методики її навчання центральноукраїнського державного університету імені володимира винниченка   діагностика сформованості громадянської відповідальності учнів на уроках трудового навчання  доктор педагогічних наук  професор андрій цина  завідувач кафедри теорії і методики технологічної освіти полтавського національного педагогічного університету імені в г  короленка  проблемі коду всесвіту з точки зору фізики розкрив доктор педагогічних наук  професор сергій кузьменков  завідувач кафедри фізики херсонського державного університету  конкретні питання методики навчання дисциплін у закладах загальної середньої освіти розглянули доктор педагогічних наук  професор наталія мислицька завідувач кафедри науково природничих та математичних дисциплін  комунального закладу вищої освіти  вінницький гуманітарно педагогічний коледж   доктор філософії василь гайда методист тернопільського обласного комунального інституту післядипломної педагогічної освіти  викладач владилена федоренко комунальний вищий навчальний заклад  криворізький медичний коледж  дніпропетровської області  розвитку питань формування майбутніх фахівців іт технологій  штучного інтелекту присвячені виступи ярослави сікори доцента кафедри комп ютерних наук та інформаційних технологій житомирського державного університету імені івана франка  тетяни мазурок доктора технічних наук  завідувачки кафедри прикладної математики та інформатики південноукраїнський національний педагогічний університет імені к д  ушинського проблеми системи професійної  професійно технічної  освіти розкрили у своїх виступах тетяна суріна методист навчально методичного кабінету професійної освіта в кіровоградській області  марина галіцька викладач державного закладу професійної  професійно технічної  освіти  кропивницький професійний ліцей сфери послуг і торгівлі   на завершення пленарної частини відбулася дискусія учасників конференції з доктором технічних наук  професором залманом філером  який проживає у ізраїлі  інформацію підготували садовий м і  та трифонова о м   ",3,3,0
55,"сьогодні ера робототехніки на старті свого розвитку  і культові інноватори прогнозують їй неймовірне майбутнє  щодня ця технологія відкриває перед нами перспективи  про які колись навіть не мріяли  автономні роботи роблять сальто  вміють бігати і навіть тягають величезні вантажівки  вчаться читати думки і часом стають непоганими співрозмовниками в чатах     червня      р  на базі центральноукраїнського державного університету імені володимира винниченка відкрився безкоштовний гурток з робототехніки  krop robots   на заході представляли  d принтер та принцип його роботи  а також проводилися бої роботів  а далі почалася справжня магія в царині робототехніки  навчають дітей робототехніці п ятеро студентів цду імені володимира винниченка  обов язки між собою розділили  денис павлюк комунікує з батьками  медійниками  університетом та координує роботу команди  за потреби допомагає в навчанні  владислав губар показує дітям  як конструювати самих роботів  артем руденко розважає учасників та допомагає їм  навчає програмуванню  дар я решетнікова   smm ниця  пише та фотографує для соцмереж проєкту  михайло бокатенко   графічний дизайнер  усі студенти з різних спеціальностей  але об єднані любов ю до цієї науки та бажанням зробити щось корисне для кропивницького  поки що роботу спланували для дітей двох вікових категорій  перша   учні     класів  друга   учні      класів  долучитися ж до роботи можуть усі охочі  уже відбулися перші заняття  діти з цікавістю спостерігали за роботом  який сам рухався  познайомилися з роботом валерою  що схожий на павука  бо має велику кількість  ніжок   а ще з захватом спостерігали за боєм роботів  до яких були прив язані кульки  чия лопне   той програв  також студенти вчили присутніх керувати роботами з телефона  діти були щасливі та задоволені  гурток створили для того  щоб популяризувати stem освіту в кропивницькому  яка об єднує робототехніку  дизайн  моделювання  програмування та інші напрямки  учасники матимуть можливість навчитися збирати та програмувати роботів за допомогою конструкторів lego та arduino  процес програмування стимулює дітей вигадувати та концентруватися на вирішенні нестандартних завдань  орієнтуватися у коді та командах  вивчати логіку дій роботів  заняття з робототехніки допомагає розвивати математичне мислення та логіку  а також творчі здібності  ці знання обов язково стануть у нагоді дитині в майбутньому  навіть якщо її робота не буде пов язана з технічними професіями  також роботизовані конструктори допомагають дітям розвивати креативність та втілювати в реальність задумані ідеї  які перспективи надалі  плануємо створення власних  d моделей роботів  які учасники гуртка самостійно запрограмують  це може бути машинка на керуванні або годинник чи електронний термометр  а ще залучатимемо не тільки дітей  а й дорослих  наприклад  учителів інформатики  щоб вони згодом могли навчати робототехніці школярів  тож кількість груп будемо збільшувати  публікуватимемося на державному рівні  щоб про нас дізналися не лише в україні  а й за її межами  тож і працювати плануємо не лише в місті  а й в області  гурток вдалося створити в межах програми upshift за підтримки дитячого фонду юнісеф україна  його зміст є відповідальністю учасників програми upshift та необов язково відображає позицію юнісеф  за активну участь у громадському житті університету було відзначено студентів   учасників гуртка  на підсумковому в цьому навчальному році студентському ректораті  який відбувся    червня      р   ректор цду євген соболь вручив їм подяку за розвиток та впровадження stem освіти  реалізацію інноваційних проєктів  тож планує  працюємо далі  досягаємо нових висот  інформацію підготували учасники команди  krop robots   ",0,1,1
57,"чергове засідання семінару міждисциплінарного наукового центру прикладних досліджень  interdisciplinary scientific center applied research   iscar   що відбулося у змішаному форматі    червня      року  було присвячене контентному аналізу біографічних матеріалів про природодослідників та математиків за матеріалами наукових досліджень та  вісника дослідної фізики та елементарної математики             рр    спікерами семінару були історики науки і техніки професори наталя пасічник  ганна дефорж та ренат ріжняк  у засіданні семінару взяли участь професори та доценти юлія ботузова  алла растригіна  олена трифонова  тетяна фурсикова  юлія харченко  катерина акбаш  ольга кирилюк  ольга рєзіна  андрій ткачук  виступ професорки наталі пасічник був присвячений особливостям українського наративу біографічних студій  тут були згадані і соціокультурні розриви нашого минулого  і включення до нашої історії неукраїнських етнокультурних елементів  і унікальне географічне положення україни  ці та інші фактори впливали в минулому  впливають зараз і  очевидно  будуть у майбутньому впливати на історіописання загалом та на історико біографічні студії зокрема  спікерка висловила надію  що переосмислення ролі особи в історії та відхід від ідеологічної обмеженості  що дадуть можливість заповнити  білі плями  в біографістиці  професорка ганна дефорж свій виступ присвятила видатним вітчизняним вченим палеозоологам  яскравою представницею цієї галузі наук була марія василівна павлова  яка стала першою організаторкою досліджень третинних та четвертинних ссавців європи та азії  марія василівна була палеозоологинею зі світовим ім ям і стала засновником української школи палеозоології  детальніше з виступом пані ганни дефорж можна ознайомитися з презентації  професор ренат ріжняк у своєму виступі зупинився на контентному та змістовному аналізі біографічних матеріалів про природодослідників та математиків у  віснику дослідної фізики та елементарної математики             рр    цей журнал фактично був неофіційним періодичним друкованим органом математичного відділення новоросійського товариства природознавців  до співпраці в якому були залучені фізики й математики з теренів україни  а також з усієї російської імперії  протягом усіх років видання вісника в ньому були розміщені біографічно просопографічні публікації про    х фізиків  математиків  хіміків  астрономів  фізіологів  лікарів та філософів  доповідачем були наведені статистично оброблені дані контентного аналізу видання щодо обсягу біографічних матеріалів  щодо їх авторів та джерел  а також проаналізовані дані про героїв публікацій  персоналії  причини виникнення матеріалів  фах  вік  спосіб пред явлення інформації і т п   протягом усього періоду видання вісника  спікером був також представлені витримки з дослідження щодо змістовного аналізу статей вісника  а саме про  першого російського хіміка та фізика  м  ломоносова  про знаменитого математика леонарда ойлера та про відомого систематизатора хімії антуана лорана лавуазьє  на думку виступаючого  саме стаття б н  меншуткіна про ломоносова стала однією з серії перших публікацій  в яких з ломоносова почали  ліпити  великого російського вченого  детальніше з історією створення ломоносова вченого  про його  дружбу  з л  ойлером  про його  першість  у створенні закону збереження речовини  який      року вивів а л  лавуазьє  дивіться презентацію  висновок  з яким погодилися присутні на семінарі  полягав у тому  що біографістика є основою наукової реконструкції епохи  в тому числі її психопортрету   ",4,1,-3
58,"плануєте активно й цікаво провести літо  хочете більше дізнатися про довкілля і всесвіт  плануєте дізнатися про інновації в робототехніці  мрієте заглибитися у світ ужиткового мистецтва  завітайте на  факультет математики  природничих наук та технологій цду імені володимира винниченка     коли              та    червня о       або о        де   вул  шевченка     семиповерховий корпус цду    поверх  наші локації   музей природи  хімічний інтерактив  мандрівка до зоряного неба  майстер клас  основи скелелазіння   штучний інтелект  музей історії техніки  майстер клас  українська лялька   кому це може бути цікаво   для учнів шкіл  студентів коледжів форма для реєстрації  https   forms gle  dindqcxdosqzu m   ",0,3,3
59,"   червня      року доценти кафедри математики та методики її навчання оксана буткевич і людмила яременко в межах всеукраїнського науково педагогічного підвищення кваліфікації  тайм менеджмент   мистецтво управляти часом науково педагогічного працівника  відвідали лекцію доктора економічних наук  професора  професора кафедри менеджменту імені і а  маркіної полтавського державного аграрного університету дмитра дячкова  теоретичні та методологічні засади сучасного тайм менеджменту  визначення та значення часу  властивості й види часу  атрибути часу   на початку лекції з вітальним словом до науковців   членів центру українсько європейського наукового співробітництва звернувся директор центру  професор ужгородського національного університету михайло віхляєв  який висловив свою повагу і підтримку присутнім на онлайн зустрічі та анонсував тематику лекцій  що відбудуться у межах науково педагогічного підвищення кваліфікації  учасників привітали і побажали творчих наукових успіхів перший проректор полтавського державного аграрного університету  професор олександр галич  директорка навчально наукового інституту економіки  управління  права та інформаційних технологій полтавського державного аграрного університету доцентка алла світлична та керівниця навчально наукового центру інформаційно комунікаційних освітніх технологій та освіти дорослих доцентка юлія вакуленко  спікер дмитро дячков під час лекції висвітлив теоретичні та методологічні засади сучасного керування часом  встановлення тайм менеджменту як певного предметного поля дослідження у сфері менеджменту  зокрема  лектор розкрив важливі питання  як от  визначення і важливість часу  властивості й види часу  атрибути часу  індивідуальний фонд часу і його структура  поняття часової перспективи  внутрішні концепції часу  основні підходи до управління часом  етимологія та розвиток тайм менеджменту тощо  лектор навів чимало реальних прикладів застосування керування часом з історії життя відомих особистостей  таких як  сенека анней луцій  бенджамін франклін  іммануїл кант  кетрін бічер  фредерік тейлор та ін  учасники ставили багато запитань упродовж лекції  адже тема надзвичайно актуальна  безумовно  такі зустрічі сприяють підвищенню наукового потенціалу та позитивного настрою науковців  інформацію надано кафедрою математики та методики її навчання  ",1,2,1
60,"   червня      року викладачі кафедри математики та методики її навчання   члени української асоціації дослідників освіти   взяли участь у iii науковому семінарі  українська наукова діаспора франції  вимушена міграція та адаптація біженців   iii scientific seminar  ukrainian scientific diaspora of france  forced migration and refugee adaptation    перший семінар української наукової діаспори у франції відбувся    лютого      року  https   www uera org ua uk node       на ііі семінарі з вітальним словом до учасників звернулися докторка педагогічних наук  професорка національного університету харчових технологій  університету екс марсель  членкиня правління громадської організації  українська асоціація дослідників освіти  олена ковальчук та українська юристка з питань європейського права  запобігання і вирішення конфліктів в асоціації oeuvre de orient лілія кузик  пані олена окреслила коло питань і відповідей на них  які найбільше цікавлять слухачів  проаналізувала динаміку зміни кількості населення україни впродовж           років  розповіла про виклики війни з росією та вимушену міграцію українців  зокрема  до франції  про  правосуддя і  м яку силу  культури як фактори перемоги над кримінальним агресором  розповів константин сігов  український філософ і громадський діяч  директор центру європейських гуманітарних досліджень національного університету  києво могилянська академія  та наукововидавничого об єднання  дух і літера   у своїй доповіді  рік повномасштабної війни в україні  економічні наслідки для україни та країн єс на тлі міграційної хвилі  виклики та ризики  світлана чугаєвська  докторка економіки ягелонського університету в кракові  польща   кандидатка економічних наук  доцентка житомирського державного університету імені івана франка  україна   розповіла про соціально економічні наслідки для україни та країн єс на тлі міграційної хвилі  найбільш хвилює те  що порівняно з іншими роками  за час війни за кордон виїхали багато українських науковців та людей з вищою освітою  науковиця провела порівняльний аналіз  як постраждала економіка україни та країн єс  що приймали українських біженців  вказала найкращі    країн  які прийняли та надали допомогу нашим громадянам   стан та перспективи розвитку ринку праці україни в воєнний та повоєнний період  розкрив олександр цимбал  доктор економічних наук  старший науковий співробітник  завідувач відділу досліджень ризиків у сфері зайнятості населення інституту демографії та соціальних досліджень імені м в  птухи нан україни  насамкінець  співзасновник керівний директор web vision      сертифікований коуч  пюто  іль де франс  франція   магістр бізнес консалтингу та інформаційних технологій університету paris dauphine  франція   магістр з економіки та управління людськими ресурсами університету ле ман  франція  анна головкова провела тренінг  як розкрити свій потенціал у бізнесі  як повірити в себе     науковці цду імені володимира винниченка отримали багато цікавої інформації  яку використають при викладанні курсів на спеціальностях     статистика      менеджмент та     економіка  інформацію надано кафедрою математики та методики її навчання  ",5,2,-3
61,"   червня      року в стінах цду імені володимира винниченка студенти факультету математики  природничих наук та технологій   члени команди krop robots в межах проєкту upshift відкрили гурток із робототехніки  мета проєкту   розвивати галузь робототехніки серед дітей у нашому місті та області  склад команди krop robots  денис павлюк  група цт  б    головний комунікатор команди  владислав губар  група тн  б    спеціаліст ev  та arduino  артем руденко  група кн  б    фандрейзер  михайло бокатенко  група цт  б    графічний дизайнер та дар я решетнікова  група інф  б    sмм  редакторка текстового матеріалу  студенти доклали багато зусиль і часу для реалізації цього проєкту  вони впевнені  що проєкт стане значним внеском у розвиток робототехніки у нашому місті  команду  учасників і гостей радо вітали ректор цду імені володимира винниченка євген соболь  завідувач кафедри технологічної та професійної освіти микола садовий  старший викладач кафедри технологічної та професійної освіти дмитро соменко  голова го  скц задзеркалля  олександр кашлаков  керівник комунікацій го  скц задзеркалля  василь нестеренко  координаторка upshift україна в кіровоградській області олена ковальова та ментор дмитро бабак  після офіційного відкриття провели бої роботів і вручили подарунки всім учасникам  команда krop robots дійсно хоче зробити впевнений крок у розвитку робототехніки  дуже вдячна нашому університету за надану можливість втілювати мрії в життя задля майбутнього нашої країни  інформацію підготували голова студради факультету дар я решетнікова та заступник декана олена трифонова  ",1,0,-1
62,"вже багато років продовжується партнерство кафедри інформатики та інформаційних технологій з іт компанією онікс системз  в середу     травня студенти факультету математики  природничих наук та технологій разом з викладачами кафедри олександром баранюком  людмилою ганенко та володимиром нарадовим взяли участь в роботі онiкс системз open day   зустрічі провідних працівників фірми онікс зі студентами  під час проведення onix open day здобувачі освіти відвідали офіс компані onix  поспілкувалися з провідними розробниками різних напрямів й ознайомилися з діяльністю компанії зсередини  перед присутніми були проведені презентації діяльності основних відділів компанії  зокрема qa тестування  відділу react розробки  відділу дизайну та розробки на unity  цікаві спікери та круті презентації викликали жваві дискусії  за участь у яких на студентів чекали пам ятні подарунки  під час виступів спікерів проводилася і демонстрація технологій  з якими працює компанія onix  студенти мали змогу працювати в віртуальній реальності з налагодження двигунів вантажівок  подискутувати над дизайном додатків  зокрема й мобільних  загалом  на заході панувала атмосфера дружності та відкритості до діалогу  підготував доцент кафедри інформатики та іт доцент володимир нарадовий  ",1,0,-1
64,"на заняттях з інформатики в           навчальному році студенти університету третього віку  натхнення  розпочали опановувати навички роботи з інструментами google  на лабораторних заняттях  яке відвідували дві підгрупи щоп ятниці  почали знайомитися з браузером chrome та робочим простором google  спочатку довідалися яким чином створити новий акаунт в системі google  як здійснювати вхід у створений акаунт та основні налаштування свого акаунту  потім вчилися працювати з пошуком та вкладками в браузері chrome  шукали цікаві новини  опановували пошук зображень та відео  наступним етапом було опрацювання роботи з gmail  де студенти успішно вчилися надсилати та отримувати листи  надсилати листи групам контактів  додавати вкладення до електронних листів  наступним кроком стало знайомство з google drive та google document  вчилися створювати файлову структуру в google drive  створення теки та файлів google document   опановували навички завантаження файлів у google drive різними способами  фінальним акордом в цьому навчальному році було освоєння google calendar  тут студенти мали змогу попрацювати над складанням власного розпорядку  вчилися створювати разові та повторювальні події  розглядали способи редагування та видалення подій  хотілося б зазначити старанність студентів університету третього віку  натхнення   вони сумлінно виконували домашні завдання  цікавилися матеріалом занять  допомагали один одному опановувати нові навички  підготував доцент кафедри інформатики та іт володимир нарадовий  ",1,0,-1
65,"  червня на кафедрі інформатики та іт в аудиторії     відбувся захист курсових робіт студентів групи кн  б спеціальності     комп ютерні науки  перш за все варто зазначити масовість заходу   група з явилась на захист практично вся  комісія у складі завідувачки кафедри світлани шлянчак  доцентів василя болілого  ірини лупан  володимира нарадового  олени присяжнюк  ольги резіної заслухали виступи  із презентаційним супроводом  за тематикою досліджень  усі студенти вчасно та якісно виконали завдання  а під час захисту продемонстрували отримані ґрунтовні знання  навички та уміння програмування  набуті за три роки навчання  завдання для реалізації було вибрано з базових курсів  з поміж яких програмування  web розробка  проєктування програмних систем тощо  також з явились роботи  пов язані із робототехнікою  зокрема на базі aurdino  найбільшу зацікавленість та обговорення викликали доповіді  у яких запропоновано можливості використання матеріалів досліджень безпосередньо для автоматизації розв язання актуальних практичних задач  особливо хочеться відзначити такі дослідження  артем руденко  створення робото платформи на базі aurdino з використанням  d друку  ігор скорозвон  створення криптовалюти університету  дмитро оришечко  розробка користувацьких інтерфейсів на платформі javafx сергій філоненко  shelter finder  вебсторінка для знаходження найближчого сховища  ігор матковський  розробка  розумного будинку  на основі aurdino  владислав михальов  структурно функціональне моделювання процесу електронного документообігу в університеті та проєктування схеми баз даних  загалом захист відбувся у продуктивній і сприятливій атмосфері  жвавий обмін думками щодо представлених студентами результатів сприяв кращому усвідомленню ними планів розгортання подальшого дослідження  повідомлення підготувала доцент кафедри інформатики олена присяжнюк  ",1,1,0
68,"ще в далекому      на фізико математичному факультеті  нині факультет математики  природничих наук та технологій  було започатковано конкурс  палітра моди   як звітний показ робіт студентів та студенток спеціальності  середня освіта  трудове навчання та технології    під час заходу здобувачі демонстрували власноруч виготовлені колекції швейних виробів  аксесуарів  головних уборів  одягу тощо  засновницею цього конкурсу була викладачка кафедри загальнотехнічних дисциплін та методики трудового навчання  нині   кафедра технологічної та професійної освіти  ольга єжова  яка зараз працює професоркою київського національного університету технологій та дизайну  за період існування творчий конкурс набув популярності й став традиційною і видовищною частиною тижня факультету  поступово конкурс переріс із звичайного звітного показу здобутків студентів у справжнє шоу талантів  у якому брали участь школярі закладів загальної середньої освіти  а також вокальні  інструментальні та хореографічні колективи нашого міста  на жаль       року через початок пандемії провести конкурс не було можливості  але вже наступного року було прийнято рішення провести конкурс та розширити номінації  що дало можливість здобувачам продемонструвати свої творчі здібності в інших напрямах  з огляду на безпекову ситуацію       року було запропоновано провести в онлайновому форматі конкурс  палітра талантів   увести окрему конкурсну категорію для учнів  запровадити нові номінації конкурсу  зокрема  для демонстрації виробів декоративно ужиткового мистецтва  дизайну декору в інтер єрі  кулінарного мистецтва    d технологій тощо  та започаткувати онлайн формат для відбіркового етапу конкурсу  ініціаторкою запровадження конкурсу в оновленому форматі виступила викладачка оксана абрамова  ідею було підтримано та закріплено у положенні про онлайн конкурс творчих робіт  палітра талантів   яку розробила робоча група у складі доценток людмили чистякової  оксани абрамової  ольги пуляк під керівництвом декана факультету математики  природничих наук та технологій тетяни фурсикової  організатором конкурсу виступила кафедра технологічної та професійної освіти факультету математики  природничих наук та технологій  метою конкурсу є виявлення творчих особистостей  популяризація усіх напрямків дизайну та декоративно ужиткового мистецтва  взаємообміну та взаємозбагачення культурними та національними традиціями  виявлення й заохочення новаторських ідей молоді у створенні оригінальних проєктів  поширення їх у суспільстві засобами соцмереж  цього року перший етап конкурсу стартував на початку квітня  учасники конкурсу розміщували фото власноруч створених виробів у соцмережах facebook  instagram із хештегом конкурсу  палітраталантів    цду або надсилали організаторам конкурсу для розміщення у соцмережах у групі факультету     травня      року відбулося засідання журі на якому було визначено переможців конкурсу  конкурсанти змагалися за двома категоріями  аматори та учні  й  студенти та майстри  у номінаціях  одяг та аксесуари    вироби декоративно ужиткового мистецтва    дизайн декору в інтер єрі    кулінарне мистецтво      d друк  тощо  журі конкурсу відслідковувало роботи учасників в соцмережах за зазначеним хештегом  на конкурс було подано     роботи учнів  студентів закладів загальної середньої  професійної  професійно технічної   позашкільної та вищої освіти кіровоградської області  комунальний заклад  ліцей  науковий  міської ради міста кропивницького   комунальний заклад  нво і ііі ступенів  мрія  кіровоградської міської ради кіровоградської області   центр естетичного виховання  росток   гурток  художня вишивка   комунальний заклад  ліцей  європейська освіта  кропивницької міської ради   комунальний заклад  гірнича гімназія кропивницької міської ради   комунальний заклад  подільська гімназія кропивницької міської ради   комунальний заклад  кущівська гімназія міської ради міста кропивницького   помічнянський центр дитячої та юнацької творчості  комунальний заклад  полтавська загальноосвітня школа i iii ступенів компаніївської селищної ради   комунальний заклад  михайлівський ліцей  олександрівської селищної ради кропивницького району кіровоградської області  гурток  палітра   центр дитячої та юнацької творчості ім о  шакала  м  олександрії  гурток  текстильна лялька   регіональний центр професійної освіти ім  о с  єгорова та ін  журі конкурсу  до складу якого увійшли викладачі факультету математики  природничих наук та технологій і студенти  оцінювали роботи учасників та учасниць конкурсу та визначили переможців        за найбільшою кількістю  лайків  від користувачів соцмереж під публікацією проєкту у facebook та instagram й другу половину   за підсумками проведеного оцінювання робіт відповідно до визначених критеріїв у положенні про конкурс     травня      року в приміщенні центральноукраїнського державного університету імені володимира винниченка відбулася фінальна частина конкурсу  палітра талантів          ведучими конкурсу стали олександра меренкова  група по  б  та андрій милий  група мф  б   з вітальним словом до присутніх звернулися проректор з наукової роботи університету лілія клочек та декан факультету математики  природничих наук та технологій тетяна фурсикова  у яскравому шоу дефіле було представлено дев ять творчих колекцій одягу від студенток різних років випуску та груп спеціальностей середня освіта  трудове навчання та технології  та професійна освіта  технологія виробів легкої промисловості   які були виконані під керівництвом викладачок оксани абрамової  тетяни куценко  людмили чистякової та тетяни хріненко  глядачі також мали змогу насолодитися хореографічними  вокальними номерами студентів максима мелешка  група кн  б   дар ї чулкової  група інф  б   олени дерман  група тур  б  та інших й прослухати чуттєве декламування власне складеного вірша катериною приходько  група бх  б   яке не залишило байдужими глядачів конкурсу  до університету завітали переможці конкурсних робіт  які отримали дипломи  подарунки та сувенірну продукцію  керівникам творчих робіт організатори вручили подяки за підготовку учасників конкурсу  переможці конкурсу категорії  аматори та учні     номінація  вироби декоративно ужиткового мистецтва     місце   богдан бабченко  помічнянський центр дитячої та юнацької творчості  керівник   вікторія бондаренко     місце   ірха мілєна  комунальний заклад  нво і ііі ступенів  мрія  кіровоградської міської ради кіровоградської області   керівник   тетяна краснощеченко     номінація  дизайн декору в інтер єрі     місце   павло білоножко  комунальний заклад  подільська гімназія кропивницької міської ради   керівник   алла біденко  та анастасія козлова  центр дитячої та юнацької творчості ім о  шакала  м  олександрії  гурток  текстильна лялька   керівник   інна гречанюк     місце   дар я онуфрак  комунальний заклад  полтавська загальноосвітня школа i iii ступенів компаніївської селищної ради   керівник   оксана онуфрак  та ліза пересада  комунальний заклад  кущівська гімназія міської ради міста кропивницького   керівник   катерина годованець     місце   єлисей мєдвєдєв  комунальний заклад  гірнича гімназія кропивницької міської ради   керівник   алла полунчукова   шиняєва діана  комунальний заклад  михайлівський ліцей  олександрівської селищної ради кропивницького району кіровоградської області  гурток  палітра   керівник   наталія мартіросян  та ярослава мельник  комунальний заклад  ліцей  науковий  міської ради міста кропивницького   керівник   олена дем яненко     номінація  кулінарне мистецтво     місце   єлизавета панасенко  регіональний центр професійної освіти ім  о с  єгорова  керівник   світлана катана     місце   світорада остапчук  комунальний заклад  ліцей  європейська освіта  кропивницької міської ради   керівник   лариса пич  та ярослав колорей  регіональний центр професійної освіти ім  о с  єгорова  керівник   світлана катана     номінація  одяг та аксесуари   перемогла аріна дорул  комунальний заклад  нво і ііі ступенів  мрія  кіровоградської міської ради кіровоградської області   керівник   тетяна краснощеченко     номінація    d друк   переміг серафим островський  для нагородження у категорії  студенти та майстри  запросили студентів та випускників спеціальностей середня освіта  трудове навчання та технології   професійна освіта  технологія виробів легкої промисловості  та професійна освіта  цифрові технології   переможці конкурсу категорії  студенти та майстри     номінація  дизайн декору в інтер єрі   перемогла   олена батай    номінація  одяг та аксесуари     місце   маргарита дем яненко    місце   єлизавета берегуленко    місце   алла молдавану    номінація  кулінарне мистецтво     місце   юлія іваниця    місце   лариса литвин  активну участь у підготовці конкурсу взяли студенти факультету математики  природничих наук та технологій  так  студенти груп тн  б та лп  б  у межах вивчення дисципліни  організація конкурсів в галузі  розробили чек лист конкурсу й коротке та повне оголошення про конкурс  розповсюджували інформацію про конкурс в соцмережах та розміщували роздруковану інформацію на дошках оголошень в закладах освіти  продукували ідеї для відзначення учасників конкурсу  проводили постійний моніторинг та оцінку проєктів  зокрема  студентка ірина ліснича  група тн  б  була авторкою малюку логотипу конкурсу на короткому оголошенні  а студент цієї ж групи владислав губар був членом журі конкурсу  макет для виготовлення сувенірної продукції конкурсу виконали студенти віталій хомич та богдан шершень  група кт  б   ольга баглій  група хб  б  підготувала сценарій для фінального концерту  для демонстрації колекцій одягу проводилися тренування дефіле та репетиції показу моделей під керівництвом викладачок кафедри технологічної та професійної освіти ольги пуляк і наталі мироненко  а також представниць студентського самоврядування дар ї решетнікової та олександри меренкової  моделями на показі стали студентки факультету  а  албот  група пн    б   с  гаврюшина  д  скрипник  в  сотнікова  група м    б   м  дем яненко  а  молдовану  н  кім  група тн    б   м  бабаліч  група мф    б   н  черненко  група інф    б   а  копиця  група фа    б   о  ковальчук  група інф    б   р  тупчієнко  група мі    б   а  тєльна  група бх    б   стилістками у демонстрації колекцій одягу були студентки а  голубець  а  рябченко  в  стасик  група лп    б   вітаємо переможців конкурсу та їх керівників  дякуємо учасникам за яскраве представлення творчих робіт та внесок у популяризацію творів дизайну  декоративно ужиткового мистецтва  культурних та національних традицій нашої країни  висловлюємо вдячність викладачам та співробітникам факультету тетяні фурсиковій  олені трифоновій  миколі садовому  оксані абрамовій  тетяні куценко  сергію кононенку  наталії мироненко  ользі пуляк  сергію рябцю  дмитру соменко  людмилі чистяковій  олександру щирбулу  надії остапчук  віті марченко  тетяні хріненко та студентам за підготовку та проведення конкурсу  палітра талантів          інформацію підготували о  абрамова  о  пуляк  д  решетнікова  ",1,49,48
69,"в нашому університеті продовжується реалізація проєкту  субнаціональна гендерна рівність  баланс цінностей єс та українських реалій   скорочена назва  subgend   за програмою єс еразмус  з напрямку жан моне  координатором проєкту є доцент кафедри математики та методики її навчання катерина сергіївна акбаш  основна мета виконання проєкту   популяризація гендерної проблематики серед різних верств населення та привернення уваги громадськості до просування гендерної рівності та універсального включення гендерних вимірів  виконання проєкту продовжується проведенням останнього тижня червня      року  з       до        літньої школи  тренінг з гендерної рівності  для студентів та вчителів  під час проведення літньої школи розглядатимуться проблеми прихованого навчального плану в системі освіти  гендерного дисбалансу української освіти на національному та субнаціональному рівнях  дискримінації та сексуальних домагань в освіті  причини протидії гендерній рівності в україні та гендерні аспекти рівності в політико правовій сфері на національному та субнаціональному рівнях  за результатами проведення літньої школи учасникам будуть видаватися сертифікати  з розрахунку  один день участі в роботі школи     годин      кредити    для участі в роботі літньої школи майбутнім учасникам пропонуємо заповнити google форму  форма проведення   дистанційна  з усіх питань та консультацій звертатися за тел                  ренат ярославович ріжняк    ",2,0,-2
70,"   травня      року на базі кафедри математики та методики її навчання відбулося чергове засідання науково методичного семінару  актуальні проблеми навчання математики  інформатики та економіки   у семінарі взяли участь члени кафедри математики та методики її навчання і понад    вчителів математики з різних областей україни  учасників семінару  актуальні проблеми навчання математики  інформатики та економіки  привітала голова семінару доктор педагогічних наук  доцент юлія ботузова  яка побажала успішної та корисної роботи усім присутнім  юлія ботузова презентувала доповідь  розвиток навичок критичного мислення учнів під час використання графічних калькуляторів   у вступній частині спікер зазначила  що згідно з концепцією нової української школи критичне мислення має бути одним із наскрізних умінь учнів  також на всесвітньому економічному форумі критичне мислення та аналіз увійшли до топ    навичок  які будуть потрібні для роботи у найближчі роки  далі юлія володимирівна проаналізувала та продемонструвала можливості розвитку навичок критичного мислення учнів на уроках математики в старшій профільній школі із застосуванням різних графічних калькуляторів  зокрема  geogebra  desmos та photo math  спікерка схарактеризувала серію прикладів та зробила порівняльний аналіз їхніх розв язків  які були отримані за допомогою графічних калькуляторів geogebra  desmos та photo math  наведені у доповіді приклади засвідчують  що графічні калькулятори й різноманітні математичні програмні засоби не завжди пропонують правильний результат  а тому не тільки спрощують і покращують процес навчання математики  а й навпаки  наприкінці доповіді юлія володимирівна зазначила  що лише симбіоз людського розуму та комп ютерних технологій може давати найбільший ефект у процесі навчання математики й учні це мають розуміти  по закінченню доповіді юлії ботузової учасники семінару обговорили запропоновану тему  шляхи розв язання цієї проблеми  висловили вдячність спікерці за цікаві й корисні матеріали  запрошуємо науковців  вчителів  студентів та всіх охочих до участі в роботі завершального цього навчального року засідання науково методичного семінару  актуальні проблеми навчання математики  інформатики та економіки   який відбудеться    червня      року  інформацію надано кафедрою математики і методики її навчання  ",1,2,1
71,"команда krop robots отримали фінансування та втілюють свою мрію в життя  команда krop robots   випускники програми upshift  до складу команди входять  губар владислав  тн  б   павлюк денис  цт  б   руденко артем  кн  б   решетнікова дар я  інф  б   всі вони   студенти факультету математики  природничих наук та технологій центральноукраїнського державного університету імені володимира винниченка  команда krop robots хоче розвивати галузь робототехніки в нашому місті  тому впевнено прямує до поставленої мети  з цією місією студенти вже відвідали близько    шкіл міста та району з презентацією проєкту  після таких заходів команда розуміє  що обрала важливу галузь  за якою майбутнє та яка дійсно цікавить молодь  попри те  що команда утворена нещодавно  студенти вже зробили багато важливих справ у реалізації проєкту  за отримані від upshift кошти закуплено нове обладнання для створення роботів на базі arduino   d принтер  ev   пластик  розхідні матеріали  команда передасть на баланс університету пристроїв і матеріалів більше  ніж на    тис  гривень  гурток з робототехніки відкриється вже   червня об        залишаємо посилання на реєстрацію  https   docs google com forms d  obzqwm r   hs gnkhlzm ueb qdmjvqiu  qflrm   edit usp drivesdk запрошуємо всіх охочих долучитись до цієї події   ",1,0,-1
72,"   травня      року студенти і студентки груп тн  б  цт  б  м  б та викладачка кафедри технологічної та професійної освіти цду імені володимира винниченка о в  пуляк  в рамках вивчення навчальної дисципліни  безпека життєдіяльності та охорона праці в галузі   відвідали пожежно рятувальну частину    та пожежно технічну виставку музей управління дснс україни у кіровоградській області  під час заходу фахівці дснс ознайомили студентів з історією створення пожежної служби в місті  засобами пожежогасіння та пожежної сигналізації  правилами поводження з пожежовибухонебезпечними предметами  правилами поведінки під час виникнення пожеж  пожежною технікою  протипожежним та протидимним обладнанням тощо  студенти та студентки розглянули зразки замаскованих мін  уламки ворожих ракет  пожежного обладнання та одягу бійців пожежно рятувальної служби  експозиції виставки музею  на жаль постійно доповнюються новими експонатами  зокрема й наслідками війни в україні  наприкінці екскурсії присутні вшанували пам ять всіх загиблих у цій страшній війні та висловили подяку збройним силам україни за можливість проведення освітніх заходів   нехай у вашому житті та житті ваших рідних ніколи не трапляються надзвичайні ситуації  а для цього потрібно виконувати прості правила безпеки та нагадувати про них своїм близьким    побажала відвідувачам пані наталя  фахівчиня пожежно технічної виставки музею  студенти та викладачка ольга пуляк мали можливість відчути себе у ролі рятувальників  отримали сильні емоції від спілкування  корисні знання і практичні навички  дякуємо фахівцям управління дснс україни та всім рятувальникам за їхню роботу  інформацію підготувала ольга пуляк  доцент кафедри технологічної та професійної освіти  ",0,1,1
74,"   травня на п ятій парі в     аудиторії кафедра інформатики та інформаційних технологій провела традиційне секційне засідання до тижня науки  на якій члени кафедри поділилися своїми науковими здобутками  у наукових доповідях піднімалися актуальні питання проблем навчання сучасних інформаційних технологій та  зокрема  сучасних технологій програмування з урахуванням запитів стейкхолдерів кафедри  з якими проводяться регулярні зустрічі  завідувачка кафедри світлана шлянчак виступила із доповіддю про особливості та перспективи діджиталізації в освіті та ознайомила з основними аспектами міжнародної інноваційної програми  трансформація цифрової педагогіки   доповідь викликала жвавий інтерес та наукову дискусію  оскільки виклики  пов язані з діджиталізацією освіти  передбачають зміни в організації освітнього процесу  потребують від викладачів розвитку нових soft skills та hard skills  на секції також виступили  ольга резіна  аналіз тональності та об єктивності тексту засобами мови python  олена присяжнюк  розробка дизайну для інтерфейсу веб додатків  сучасні тенденції  олександр баранюк  застосування мікроконтролерів для автоматизації експериментальних досліджень  анна пузікова  особливості викладання дисципліни  розподілені інформаційно аналітичні системи  ірина лупан  програмні засоби інтелектуального аналізу даних  виступи супроводжувались демонстрацією презентаційних матеріалів  учасники обговорили позитивні моменти організації навчання  пріоритетних технологій в освіті  визначення результатів навчання  на секції також були присутні та вивчали досвід наукової роботи наші магістранти   михайло кнідзе та владислав кропивка  секційне засідання відбулося на високому навчально теоретичному рівні  в дусі дискусій з поміркованою полемікою та послугувало плідним підґрунтям для обміну досвідом  підготувала доцент кафедри олена присяжнюк  ",2,0,-2
75,"   травня      року відбувся захист курсових робіт із методики професійного навчання студентів спеціальності професійна освіта  цифрові технології  групи кт  б та цт  бс  студенти цієї спеціальності продемонстрували свої досягнення в методиці професійного навчання  особливо використання цифрових технологій  курсові роботи стали прекрасним прикладом їхньої компетентності  знань та творчого підходу до професійного розвитку  студенти показали широкий спектр професійних навичок  які здобувають під час навчання  розробка програмного забезпечення  веб дизайн  цифрова медіа  інженерія  аналіз даних  керування проєктами та багато іншого  їхні роботи демонструють глибокі знання і розуміння сучасних технологій  а також вміння їх застосовувати на практиці  захист курсових робіт був відкритим для всіх  хто цікавиться розвитком професійної освіти та цифрових технологій  серед найкращих робіт варто відзначити наступні    роман сергійович омельченко  група кт  б  тема курсової роботи  розвиток технічного мислення здобувачів освіти при вивченні принципів функціонування виробничого устаткування галузі  відповідно до спеціалізації   науковий керівник  д пед н   проф  м і садовий    віталій русланович хомич  група кт  б  тема курсової роботи  цифрові електронні системи як елемент інклюзивного освітнього середовища закладу професійної освіти  науковий керівник  д пед н   проф  м і садовий    богдан сергійович шершень  група кт  б  тема курсової роботи  роль цифрових автоматизованих систем у формуванні екологічного мислення здобувачів освіти  науковий керівник  д пед н   проф  м і садовий    денис віталійович корик  група цт  бс  тема курсової роботи  активізація творчої діяльності учнів птнз на уроках професійно орієнтованих дисциплін з використання гейм технологій  науковий керівник  д пед н   проф  о м трифонова    вадим анатолійович сатир  група цт  бс  тема курсової роботи  методика використання технічних завдань з професійної підготовки учнів  за спеціалізацією   науковий керівник  д пед н   проф  о м трифонова  інформацію підготували д пед н   проф  м і садовий  к пед н  д в соменко  д пед н   проф  о м трифонова   ",0,3,3
76,"викладачі кафедри математики та методики її навчання взяли участь у онлайн інтенсиві  підготовка до нмт          організованому ку  міський центр професійного розвитку педагогічних працівників кропивницької міської ради  з метою систематизації знань випускників для успішного складання нмт       у вебінарах  проведених протягом квітня травня      року  спікерами були доктор педагогічних наук  доцент юлія ботузова та кандидат педагогічних наук  доцент людмила яременко  які також працюють вчителями математики кз  ліцей  науковий  міської ради міста кропивницького   на цих заняттях з учнями також працювали вчителі математики вищої категорії  випускниці нашого факультету ірина савенко  кз  ліцей  лідер  кропивницької міської ради   та ірина сафошкіна  кз  новомиколаївська гімназія кропивницької міської ради    деякі заняття можна переглянути за посиланнями  поданими нижче  https   www youtube com watch v zta ajkkmge list plr a ul  gsot h rd gdmrx epuqjhw  index    t    s pp gaqbiaqb показникові  логарифмічні вирази  савенко ірина володимирівна  вчитель математики вищої категорії  старший вчитель кз  ліцей  лідер  кропивницької міської ради   https   www youtube com watch v rvi   ykaga list plr a ul  gsot h rd gdmrx epuqjhw  index   pp gaqbiaqb https   www youtube com watch v gaxxjwckyo  list plr a ul  gsot h rd gdmrx epuqjhw  index   t   s елементи комбінаторики  яременко людмила іванівна  вчитель математики вищої категорії кз  ліцей  науковий  міської ради міста кропивницького   https   www youtube com watch v rqzog iqcr  list plr a ul  gsot h rd gdmrx epuqjhw  index   t   s pp gaqbiaqb https   www youtube com watch v  bbdperfl g list plr a ul  gsot h rd gdmrx epuqjhw  index   pp gaqbiaqb тіла обертання  сафошкіна ірина анатоліївна  вчитель математики вищої категорії  старший вчитель кз  новомиколаївська гімназія кропивницької міської ради   для підготовки до математичної складової нмт      рекомендуємо посібники  написані нашими викладачами  у співавторстві   ізюмченко л  в   ткаченко л  а  інтенсифікація підготовки до зовнішнього незалежного оцінювання з математики  планіметрія    л  в  ізюмченко  л  а  ткаченко    кропивницький  кз  коіппо імені василя сухомлинського               с    https   drive google com file d  ytmxxqn ggbfyoojjgkx d    vpnnus view ізюмченко л в   ботузова ю в   ткаченко л а  інтенсифікація підготовки до зовнішнього незалежного оцінювання з математики  стереометрія    навчальний посібник     кропивницький  кз  коіппо імені василя сухомлинського              с  https   drive google com file d  f vekg kmbtpun qoz  uwdefy iqr w view бажаємо всім здобувачам освіти  які зареєструвалися на нмт       успішно його скласти та запрошуємо до навчання на факультеті математики  природничих наук та технологій    інформацію підготував доцент кафедри математики та методики її навчання ю в  яременко  ",2,0,-2
77,"викладачі кафедри професійної та технологічної освіти центральноукраїнського державного університету імені володимира винниченка з нагоди дня науки провели секційне засідання конференції  наука в університеті   засідання було приурочено й до декади професійної освіти в рамках фестивалю науки в україні       рік   європейський рік умінь і навичок  european year of skills    що проходило    травня      року  науково педагогічні працівники кафедри проводили захід спільно з представниками закладів вищої та професійної  професійно технічної  освіти україни  громадськими організаціями та обласних навчально методичними центрами україни  модераторами заходу були  вікторія олександровна купрієвич  доцент кафедри професійної і вищої освіти університету менеджменту освіти напн україни  кандидат педагогічних наук  доцент  місто київ  наталія в ячеславівна кундій  методист вищого професійного училища     міста чернівці  вікторія саввична алєксеєвєць  заступник директора кропивницького професійного ліцею сфери послуг і торгівлі кіровоградської області  валерія миколаївна докторович  заступник директора сумського вищого професійного училища будівництва і дизайну  доктор філософії  phd   місто суми  з привітальним словом до учасників заходу звернулися  тамара михайлівна сорочан  директор центрального інституту післядипломної освіти дзво  університет менеджменту освіти  напн україни  доктор педагогічних наук  професор  місто київ  микола ілліч садовий  завідувач кафедри технологічної та професійної освіти факультету математики  природничих наук та технологій центральноукраїнського державного університету імені володимира винниченка  доктор педагогічних наук  професор  місто кропивницький  катерина борисівна мірошниченко  президент громадської організації  всеукраїнська асоціація працівників професійно технічної освіти  вапп   член координаційної ради науково освітнього альянсу  місто київ після завершення основної програми фестивалю науки в україні       рік   європейський рік умінь і навичок  european year of skills    було продовжено роботу в секційних групах  під час секційного засідання на кафедрі професійної та технологічної освіти викладачі та здобувачі освіти обговорили актуальні питання професійної освіти  здобутки та перспективи реалізації науково освітнього альянсу  soft skills   сучасні навички успішності  особливу увагу акцентували на роль формування soft skills у перспективах успішного працевлаштування  підвищенні конкурентоздатності й професійному зростанні фахівців освіти та можливостях університету щодо формування таких необхідних для здобувачів навичок  інформацію надано кафедрою технологічної та професійної освіти  ",1,1,0
79,"   травня      року відбулася звітна студентська наукова конференція центральноукраїнського державного університету імені володимира винниченка  виступали студенти представники зі всіх факультетів  теми доповідей були актуальні  цікаві та змістовні  вони відображали особливості підготовки студентів на кожному факультеті університету  максим бричка   студент факультету української філології  іноземних мов та соціальних комунікацій виступав з темою  і на оновленій землі врага не буде супостата   дар я гейко   студентка факультету української філології  іноземних мов та соціальних комунікацій виступила з доповіддю на тему   емоційно експресивні параметри в збірці публіцистики оксани забужко  і знов я влізаю в танк   олександр довбня   студент факультету історії бізнес освіти та права виступив з темою  золотоординські міста західних регіонів золотої орди   павло вашека   студент факультету педагогіки  психології та мистецтв розкрив тему  роль пленерної практики у професійному розвитку художньої творчості студента   денис павлюк   студент факультету математики  природничих наук та технологій розповів про робототехніку  роботу команди  krop robots  та про волонтерство в кіберполіції  доповідачі дуже обізнані в обраних темах  чітко відповідали на поставленні питання  студентська підготовка вразила всіх  захід пройшов на високому рівні  на завершення заходи студенти  які мають високі досягнення у науково дослідній діяльності  отримали з рук ректора заслужені нагороди  вітаємо студентів та їхніх наукових керівників  бажаємо подальших творчих успіхів  інформацію підготували голова студради факультету дар я решетнікова та заступник декана олена трифонова  ",3,1,-2
80,"   травня      року відбулася підсумкова конференція за результатами виробничої практики з менеджменту та безпекознавства  насамперед  магістрантів i курсу спеціальності     менеджмент  управління фінансово економічною безпекою  з успішним завершенням практики привітав керівник володимир панченко  доктор економічних наук  професор  метою виробничої практики з менеджменту та безпекознавства є розвиток навичок і вмінь інформаційно аналітичної  проектно дослідницької  діагностичної  інноваційної та консалтингової діяльності для вирішення прикладних проблем управління підприємницькими структурами  вдосконалення системи управління їхньою діяльністю в сучасних умовах господарювання  набуття уміння адаптації теоретичних положень  методичного інструментарію  передового досвіду управління фінансово економічною безпекою до умов діяльності конкретного підприємства  закріплення практичних навичок проведення економічного дослідження  формування його інформаційного  правового та методичного забезпечення  виходячи із суті проблем  що вирішуються  та обмежень  пов язаних з діяльністю конкретного підприємства  впровадження розроблених рекомендацій та пропозицій з управління фінансово економічною безпекою у практичну діяльність підприємства  більшість студентів на високому рівні виконали завдання виробничої практики  про що свідчили їхні звіти і презентації результатів  позитивний тон задав ігор піка  який висвітлив методи управління матеріально технічною підсистемою та організацію роботи з персоналом фоп лелека  м  кропивницький   денис і владислав корецькі проаналізували методи управління виробничо технологічною підсистемою тов  вф ритейл   операційна  маркетингова  комерційна  збутова діяльність   добре схарактеризували методи управління фінансово економічною підсистемою підприємств міста кропивницького   баз практики студенти руслана кучеренко  торгівельна марка mc ciregor jemelry   денис грязнов  ат  отп банк    олексій кузнєцов  тов  меркурій інжиніринг    ігор яремчук  тдв  кіровоградська станція технічного обслуговування вантажних і легкових автомобілів    іван степаненко  закрите акціонерне товариство  рур груп с а     богдан токарєв  державна установа  кропивницька виправна колонія       дмитро рогач  ат  банк альянс    мусаєв еміль вугар огли проаналізував особливості управління стратегічним розвитком організації тов  терраконд   м  знам янка   про результати виробничої практики  яка проходила на базі кіровоградського відділення прат  страхова компанія уніка   м  кропивницький   прозвітували студенти заочної форми навчання андрій костюков  тетяна стойкова та людмила яременко  наррикінці методисти оксана панченко  людмила губа та керівник практики володимир панченко оголосили підсумкові оцінки з практики та розповіли про перспективи професійного зростання майбутніх фахівців менеджерів  бажаємо нашим найкращим студентам менеджерам подальших успіхів і нових досягнень у галузі управління фінансово економічною безпекою  інформацію надано кафедрою математики та методики її навчання  ",0,1,1
81,"історія розвитку комп ютерної техніки налічує багато сторінок  кафедра інформатики та інформаційних технологій в університеті не лише впроваджує найсучасніші іт технології  а й дбає про збереження старих технічних пристроїв  які відійшли у минуле  але не втратили історичну цінність  тому стало вже традицією запрошувати гостей кафедри та факультету до музею обчислювальної техніки  екскурсії до музею регулярно проводить доцент кафедри інформатики та інформаційних технологій олександр баранюк  музей функціонує із      року та містить понад     експонатів  які охоплюють кількасотлітню історію обчислень  від домеханічних та механічних обчислювачів до електронних обчислювальних машин різних поколінь  у музеї представлені рахівниці  логарифмічні лінійки  арифмометри  звичайні  програмовані та промислові калькулятори  побутові та персональні еом різних років випуску  ігрові консолі та ноутбуки  окремі стенди музею присвячені компонентам еом серед яких процесори різних поколінь  мікросхеми та модулі пам яті  материнські плати  відеоадаптери  накопичувачі інформації різних принципів дії та носії до них  мережеві адаптери  стаціонарні та мобільні модеми  комутатори  роутери та інші компоненти  на стінах музею розміщено інформаційні дошки з історією розвитку комп ютерної техніки  портретами та біографіями видатних вчених  етапами становлення розвитку інформаційно телекомунікаційної системи університету  пожвавлену цікавість зазвичай викликають історії з особистого досвіду екскурсовода  пов язані з використанням обчислювальних пристроїв у минулому  таким чином  школярі та студенти можуть стати очевидцями процесу становлення й розвитку от  від домеханічних та механічних обчислювачів до електронних обчислювальних машин різних поколінь  від звичайних та програмованих калькуляторів до персональних еом різних років випуску та комплектації  ноутбуків  споглядати як змінювались носії інформації різного принципу дії  у шкільних підручниках інформатики історія обчислювальної техніки викладена стисло  а в інтернеті вона розпорошена за різними сайтами  тому екскурсія  окрім приємних вражень  дає відвідувачам дещо більше  цілісне уявлення про історію обчислювальної техніки та витоки єдиного інформаційного простору без якого ми нині не уявляємо повсякденного життя  зі слів олександра баранюка підготувала доцентка олена присяжнюк  ",0,1,1
82,"на кафедрі інформатики та інформаційних технологій триває просвітницько профорієнтаційна робота зі школярами та учнями коледжів  відкриття лабораторії мікроконтролерів та робототехніки  окрім пізнавальних функцій  дає неабиякі можливості для презентації спеціальностей факультету і підсилення профорієнтаційної роботи серед майбутніх абітурієнтів    травня відбулась зустріч викладачів кафедри з учнями кропивницького фахового будівельного коледжу  завідувачка кафедри світлана шлянчак ознайомила гостей зі спеціальностями кафедри  розповіла про особливості навчання за освітніми програмами  комп ютерні науки    інформаційні системи та технології  штучний інтелект    середня освіта  інформатика та робототехніка    звичайно  основним майданчиком для зустрічі були дві локації  лабораторія мікроконтролерів та робототехніки та музей історії техніки  у лабораторії учні вивчили принципи роботи обладнання  яке представлено наборами на базі мікроконтролерів micro bit та платформи arduino  ознайомились з функціонуванням  d принтера  який створює сучасні  d моделі різних об єктів  особливе захоплення у відвідувачів викликала демонстрація нашими студентами власних проєктів  які вони реалізували під керівництвом доцента олександра баранюка і викладачки людмили ганенко  учасники мали змогу також покерувати робототехнічними пристроями  потім гості з коледжу відвідали музей історії техніки  де для них доцент олександр баранюк провів захопливу екскурсію  від сучасних іт технологій учні занурились у цікаву мандрівку минулого обчислювальної техніки  побачили як відбувався процес становлення та розвитку от  від домеханічних та механічних обчислювачів до електронних обчислювальних машин різних поколінь  від звичайних та програмованих калькуляторів до персональних еом різних років випуску та комплектації  ноутбуків  як змінювались носії інформації різного принципу дії  і  звичайно ж  дотепні історії з особистого досвіду екскурсовода  пов язані з використанням обчислювальних пристроїв у минулому  радо чекаємо на відвідувачів  особлива подяка незмінним помічникам кафедри   студентам андрію ткаченку та дар ї решетніковій  студенти   курсу спеціальності середня освіта  інформатика    наталі черненко та сергію котельнікову  студенти   курсу спеціальності середня освіта  інформатика    максиму мелешку  студент   курсу спеціальності комп ютерні науки   підготувала доцент кафедри інформатики та іт олена присяжнюк  ",0,1,1
84,"цьогорічний ярмарок професій profifair до дня європи в місті кропивницькому об єднав всі провідні заклади освіти області  що зацікавлені в наданні якісних освітніх послуг всім бажаючим  варто зазначити  що цду виступив співорганізатором заходу  факультет математики  природничих наук та технологій центральноукраїнського державного університету імені володимира винниченка теж став активним учасником ярмарку  представники факультету презентували всі спеціальності  за якими здійснюється підготовка  студентські вироби  наукові проєкти тощо  локація цду викликала зацікавлення в учасників ярмарку та керівництва області  за участь у заході університет отримав подяку та схвальні відгуки  інформацію підготувала заступник декана олена трифонова  ",1,0,-1
85,"до завершення теоретичного навчання залишилися лічені дні  для студентів групи кн  б розпочнеться сесія  а потім державна атестація  традиційно в цей час у бакалаврів спеціальності  комп ютерні науки  відбуваються попередні слухання кваліфікаційних робіт  ще є трохи часу  щоб підготувати роботу до захисту  оформити відповідно вимог текстову частину  але основна робота має бути вже виконана  цього року кваліфікаційна тематика доволі різноманітна  доповідачі демонстрували бази даних  соціальні мережі  блоги  вебдодатки  стримінгові сервіси  комп ютерні ігри та моделі  всі розробки здобувачів освіти досить цікаві й актуальні  неабиякий інтерес викликала доповідь юлії гордієнко  голосовий асистент з використанням штучного інтелекту   пізнавальну гру презентував олександр бондаренко  до реалізації сервісу електронного документообігу університету долучився сергій мельников  слухання проходили у змішаному форматі  декілька студентів приєдналися до обговорення дистанційно  що не завадило присутнім ознайомитися з представленими розробками  наостанок зазначимо  підготовка до державної атестації триває успішно  інформацію надано кафедрою інформатики та інформаційних технологій  ",0,2,2
86,"на факультеті математики  природничих наук та технологій з відкриттям лабораторії програмування мікроконтролерів та робототехніки на базі кафедри інформатики та інформаційних технологій з являються нові можливості для навчання молоді  лабораторія викликає інтерес не тільки у студентів  а й у школярів і майбутніх абітурієнтів  на початку травня завідувачка кафедри світлана шлянчак та викладачка людмила ганенко з радістю зустріли дві групи учнів  які завітали до лабораторії  в першій половині дня лабораторію відвідали учні   го класу комунального закладу  ліцей  науковий  міської ради міста кропивницького   а в другій   учні школи      гості ознайомились із обладнанням  яке представлено в лабораторії наборами на базі мікроконтролерів micro bit та платформи arduino  дослідили можливості  d принтера  який дозволяє створювати сучасні  d моделі різних об єктів  далі учням показали як створювалася та наповнювалася лабораторія  а студенти  які цікавляться робототехнічними системами  продемонстрували власні проєкти  які дозволяють розв язувати реальні життєві проблеми  ткаченко андрій  студент   курсу спеціальності середня освіта  інформатика    черненко наталія та котельніков сергій  студенти   курсу спеціальності середня освіта  інформатика    мелешко максим  студент   курсу спеціальності комп ютерні науки   відкриття лабораторії   лише початок змін  цього року на кафедрі інформатики та інформаційних технологій відкривається нова освітня програма для бакалаврів  інформаційні системи та технології  штучний інтелект   у межах якої буде приділено особливу увагу сучасним напрямкам інформаційних інтелектуальних технологій  запрошуємо усіх охочих до співпраці  інформацію надано кафедрою інформатики та інформаційних технологій  ",0,2,2
87,"захопливий бій роботів  учні   класів ліцею  науковий  два дні        травня      р   поспіль брали участь у заході  який залишив незабутні враження  захід був організований студентами спеціальності професійна освіта  цифрові технології  та викладачами кафедри технологічної та професійної освіти дмитром соменком  миколою садовим та оленою трифоновою  учасники змагалися за перемогу  намагаючись якомога швидше луснути кульки противників  але перемога залежала не тільки від вміння керувати роботом  а й від знання його характеристик і можливостей  конкурс не лише розважив  але й розвиває логічне мислення  креативність і вміння працювати в команді  учасники продемонстрували навички управління роботами  підвищили рівень знань з питань робототехніки та математичних основ управління роботами  це була дуже цікава подія  яка підтвердила  що наука та технології можуть бути захопливими й цікавими для кожного  роман островський  цт  б   привітав учасників події та поділився своїми знаннями про технічний парк і напрацювання у сфері робототехніки студентами спеціальності професійна освіта  цифрові технології   денис павлюк  цт  б  та михайло бокатенко  цт  б  ознайомили учнів із роботою кіберполіції щодо блокування російської пропаганди  інших шкідливих ресурсів  інформування населення про можливість захисту власних електронних даних  денис очолює волонтерську групу студентів нашого факультету  це товариство активно співпрацює  допомагає кіберполіції  першого дня денис  а наступного   михайло розповіли гостям про проєкт  мрія   який обʼєднує небайдужих громадян у напрямку протидії дезінформації  а також російській пропаганді у мережі інтернет  учні  які взяли участь у цих заходах  отримали набагато більше  ніж просто можливість погратися з роботами та позмагатися за перемогу  вони познайомилися зі світом робототехніки та переймали досвід старших колег  які вже досягли великих успіхів у цій галузі  такі заходи заряджають учнів на розвиток їхніх творчих і технічних здібностей  розширюють знання та досвід у галузі робототехніки та цифрових технологій  відчуття  які вони отримали  стимулюють їхній розвиток  адже навіть маленькі кроки в цій галузі можуть привести до великих успіхів у майбутньому  інформацію підготували к пед н  дмитро соменко  д пед н  микола садовий  д пед н  олена трифонова  ",2,3,1
88,"одним із важливих чинників забезпечення якості підготовки сучасного фахівця є плідна співпраця зі стейкхолдерами  на початку травня      року відбулася зустріч студентів груп міе  б та інф  б  які навчаються за освітніми програмами  математика  інформатика та економіка    інформатика та математика  та методиста з інформатики та інформаційних технологій навчання науково методичної лабораторії природничо математичних та інформатично технологічних дисциплін кіровоградського обласного інституту післядипломної педагогічної освіти імені василя сухомлинського  учителем інформатики ліцею  максимум  мариною чалою  марина станіславівна є випускницею нашого факультету  а нині   наш стейкхолдер  вона має великий досвід викладання інформатики в школі  проводить заняття на курсах підвищення кваліфікації вчителів інформатики  реалізує тренінги за тематикою ікт для вчителів різних спеціальностей  редагує статті української вікіпедії  а ще вона протягом багатьох років є членом оргкомітетів обласних учнівських олімпіад з інформатики та інформаційних технологій  членом журі всеукраїнської учнівської олімпіади з інформаційних технологій  для тих  хто планує працювати у школі  цікаво і корисно познайомитися з людиною  яка за напрямом діяльності й за покликом душі здійснює підтримку вчителів і учнів  цього разу темою зустрічі було формувальне оцінювання  яке останнім часом активно впроваджується у світі та все більше актуалізується в україні  його особливостями є сприяння у формуванні й розвитку особистості учня внаслідок забезпечення ефективного зворотного зв язку  активної участі учня у процесі навчання  постійного коригування освітнього процесу  мотивування учня  усвідомлення ним відповідальності за власне навчання  спілкування відбулося у теплій доброзичливій атмосфері  вдячні марині станіславівні за активну співпрацю і цінний досвід  інформацію надано доценткою кафедри інформатики та інформаційних технологій іриною лупан  ",2,0,-2
89,"   травня      року відбулася зустріч відповідального секретаря приймальної комісії цду  д пед н   проф  наталії подопригори зі студентами факультету математики  природничих наук та технологій   випускниками першого  бакалаврського  рівня вищої освіти  вступ до магістратури   це важлива подія  яка вимагає від студентів підготовки та уваги  тому наталія володимирівна наголосила на особливостях вступу до магістратури  оформленні кабінету  реєстрації та складанні єві  написанні мотиваційного листа  детальніше з особливостями вступу до магістратури      можна на презентації  вступ до магістратури здійснюється на конкурсній основі  тож бажаємо всім успіхів у підкоренні нових висот  інформацію підготувала заступник декана олена трифонова  ",0,1,1
90,"кафедра інформатики та інформаційних технологій організовує заходи для розвитку іт спільноти  цього разу на факультеті математики  природничих наук та технологій організовано інформатичний квест  володарі терабайтів   захід провели студенти груп інф  б та міе  б  а до участі могли залучитися усі охочі  завдання квесту складалося із   локацій  на першій потрібно створити хмару слів асоціацій до запропонованого хоку за допомогою сервісу https   wordart com create  на другій   розгадати ребуси  в яких були зашифровані інформатичні терміни  на третій   перевірити сумісність комплектуючих збірки комп ютера та створити збірку комп ютера в межах виділеного бюджета  четверта локація   інформатична вікторина  а п ята   завдання на аналіз даних  які зберігаються у файлі електронної таблиці  квест відбувався дистанційно  учасникам  які зареєструвалися в електронній формі  надавався доступ до гугл класу  найбільше балів отримав студент групи кн  б  спеціальність  комп ютерні науки   дмитро ткаченко  перше місце   друге місце посіли михайло маринов  група інф  б   спеціальність  інформатика   та олена дерман  група тур  б   спеціальність  туризм    на третьому місці студент групи цт  б  спеціальність  цифрові технології   микола стець  поздоровляємо призерку конкурсу   студентку олену дерман  тур  б  з отриманням диплома  сертифікатів на ліцензійні ключі для мобільного додатка  emister   для вивчення англійської мови  та солодких подарунків від студради  спробуйте і ви зобразити хмару слів до наведених нижче хоку  весняні вірші рожевоцвітом сакур квітнуть у душі  не знаю звідки летять  летять сніжинки  квітує слива  знову весна і знов її стрічаю серцем радісним  інформацію надано кафедрою інформатики та інформаційних технологій  ",1,2,1
91,"      квітня у львові відбувся відбірковий чемпіонат україни з кіокушинкай карате  wko   серед     учасників був і студент факультету математики  природничих наук та технологій  група гк  б тагір усубян  у нелегких поєдинках тагір продемонстрував усю свою майстерність та професіоналізм  і завдяки наполегливій праці  неймовірним зусиллям він посів почесне і місце  kumite youth men    kg   тренер   кузьмін олександр васильович  наразі тагір розпочинає підготовку до чемпіонату європи  що відбуватиметься       червня в угорщині  вітаємо нашого чемпіона і тренера  бажаємо нових звершень та успіху на чемпіонаті європи  ми за тебе вболіваємо  інформацію підготував к геогр н   доц  ю ю онойко  ",0,2,2
93,"для ознайомлення студентів з інформаційними ресурсами scopus і web of sciense на факультеті математики  природничих наук та технологій проведено спеціальний тренінговий курс  декан факультету тетяна фурсикова розповіла про особливості наукового пошуку студентської молоді  презентувала наукові праці викладачів фмпнт  майстер клас з використання міжнародних баз scopus   wos провела тетяна омельченко  фахівчиня бібліотеки цду  під час заходу студенти вивчили можливості й основні функції баз даних scopus і web of sciense  вдосконалили навички пошуку статей за певною темою або ключовими словами  довідалися як оцінити релевантність та значення наукової публікації  як використовувати знання  отримані з баз даних scopus   wos  для покращення наукових досліджень та аналізу  знання  отримані студентами й магістрантами  є актуальними для написання курсових і кваліфікаційних робіт  у наукових дослідженнях  при підготовці наукових статей  здобувачі освіти будуть використовувати scopus   wos для аналізу актуальних тем наукових досліджень  хто шукає  той знаходить  інформацію надано кафедрою інформатики та інформаційних технологій  ",0,2,2
94,"день четверокурсника   важлива подія для будь якого студента  оскільки це означає  що наближається завершення навчання в університеті  це особливий день  коли студенти можуть відзначити свій успіх і досягнення на шляху до здобуття вищої освіти й отримання диплома  цього дня студенти зазвичай збираються разом  університетські аудиторії  де студенти проводять більшість свого часу  стають місцем зустрічі та святкування  у цей день студенти згадують та обговорюють свої переживання  події  враження  які вони отримали за час свого навчання в університеті  вони діляться власними історіями та пригодами  що допомагає їм зберегти спогади про свої студентські роки  традиційно у день четверокурсника студенти фмпнт цікаво провели день  розгадували ребуси  згадували цікаві  веселі історії  дивились мультфільм  думками навиворіт   скуштували піцу  чаювали  це час  коли студенти можуть розслабитися та насолоджуватися компанією один одного  один місяць залишається до отримання диплома  тому день четверокурсника є чудовою нагодою для студентів підсумувати свої досягнення  підготуватися до майбутніх звершень та можливостей  які чекають на них після випуску  інформацію підготувала студентська рада факультету  ",0,2,2
95,"цікавий і пізнавальний тренінг проведено під час тижня факультету математики  природничих наук та технологій професоркою кафедри математики та методики її навчання наталією пасічник  захід відвідали студент спеціальностей     менеджмент      економіка      середня освіта  біологія та здоров я людини       середня освіта  трудове навчання та технології       професійна освіта  технологія виробів легкої промисловості       професійна освіта  цифрові технології   креативно й оригінально наталія олексіївна презентувала студентам основи економічних понять  як от  організація витрат  уміння розподілу бюджету тощо  особливу зацікавленість виявили студенти до психологічних аспектів уподобань при здійсненні миттєвих покупок без зайвих потреб  про кредити і депозити  про заощадження у вигляді  фінансової подушки безпеки   про успіх і гарне почуття власної гідності  грамотне управління ресурсами  планування і правильний вибір джерел фінансування це те  що вкрай потрібно знати молодим людям  які вже можуть заробляти кошти й успішно розміщувати у цінні папери  чи інвестиційні проєкти  чи вкладати у розвиток здібностей  вмінь  навичок  комунікативних і проактивних практик тощо  принципи і поради для грамотного керування коштами зацікавили молодь  тому тренінг проведено успішно  інформацію надано кафедрою математики та методики її навчання  ",1,0,-1
96,"на базі кафедр математики і методики її навчання  кафедри педагогіки та спеціальної освіти цду імені володимира винниченка відбувся черговий випуск слухачів курсів підвищення кваліфікації вчителів математики  заздалегідь був затверджений розклад занять і склад викладачів  зокрема  це досвідчені викладачі професіонали кафедр   доктор історичних наук  професор ренат ріжняк  докторка педагогічних наук  доцентка юлія ботузова  кандидати педагогічних наук  доценти наталія войналович  вікторія нічишина вікторівна і долорес завітренко     слухачів курсів підвищення кваліфікації мали опрацювати п ять освітніх компонентів  які містили матеріали про важливі й актуальні питання сучасної освіти та шляхи їхнього вирішення  зокрема  ренат ріжняк схарактеризував можливості використання інформаційно комунікаційних технологій в освітньому процесі та продемонстрував їх на конкретних прикладах  юлія ботузова ознайомила вчителів математики із сучасними інноваційними технологіями навчання математики  схарактеризувала їхні особливості та специфіку застосування  також продемонструвала процес створення аплету geogebra на конкретних прикладах  наталія войналович визначила роль математичних задач у навчанні математики та схарактеризувала їх з позицій формування ключових компетентностей  також продемонструвала можливості задач комбінаторики і теорії ймовірностей у формуванні ключових компетентностей учнів  вікторія нічишина розглянула мету  зміст  способи  форми та методи інтеграції при вивченні математики у закладах загальної середньої освіти  також навела приклади змістової інтеграції та інтеграції за методом розв язування різних типів рівнянь  долорес завітренко під час занять на курсах підвищення кваліфікації вчителів математики окреслила особливості реалізації інклюзивного навчання в закладах загальної середньої освіти  зокрема  розглянула мету і зміст інклюзії  роль учителя в інклюзивній моделі освіти  на завершення курсів підвищення кваліфікації вчителі математики успішно склали вихідне діагностування  отримали сертифікати про підвищення кваліфікації за напрямом  розвиток професійних компетентностей  знання навчального предмета  фахових методик  технологій   зі спеціальності        середня освіта  математика  обсягом    годин    кредит єктс  та висловили вдячність викладачам курсів за корисні та своєчасні матеріали  які допоможуть у повсякденній вчительській праці  організатори курсів підвищення кваліфікації вчителів запрошують учителів поповнювати свої знання й отримувати корисний досвід в цду імені володимира винниченка  інформацію надано кафедрою математики та методики її навчання  ",1,0,-1
97,"   квітня в межах тижня факультету математики  природничих наук та технологій студенти групи гм  б провели інтерактив  discovering geography   на захід завітали учні    філологічного   та    фізико математичного класів кз  ліцей  науковий  міської ради міста кропивницького   студенти данило нечай  данило ковальчук анастасія малєєва разом з канд  геогр  наук  доцентом наталією масловою у цікавій формі ознайомили учнів з особливостями навчання за освітньою програмою  середня освіта  географія та мова і література  англійська    в інтерактив форматі поспілкувалися з учнями про географію англійською мовою  під час заходу учні мали змогу     довідатися про співпрацю під час навчання з відомим географом  членом американської асоціації географів та національної ради з географічної освіти  професором джорджем уайтом з державного університету південної дакоти  місто брукінз  сша   зокрема два цикли лекцій дискурсів та участь у віртуальному обміні студентами за програмою education usa  академія лідерства з інтернаціоналізації   побачити відеоролик про війну в україні  підготовлений для для американських студентів з метою візуалізації та донесення обʼєктивної інформації про агресію рф проти україни     ознайомитися з цікавим досвідом підготовки студентами навчальних географічних відеоматеріалів англійською мовою та переглянути створені здобувачами освіти відеоролики за темами  євразія  і видатні туристичні обʼєкти світу      дізнатися про найцікавіший складник освітнього процесу зі спеціальності  середня освіта  географія     навчальні польові географічні практики  які традиційно проходять на побужжі  заході та півдні україни  побачити відеоролик про мандрівку студентів західною україною у межах комплексної фізико географічної практики  учасники заходу активно спілкувалися  учні актуалізували свої знання з географії та англійської мови  висловили думки за темою зустрічі  поділитися враженнями  у підсумку зазначили  що навчання за оп  середня освіта  географія та мова і література  англійська    забезпечує досить незвичне  але надзвичайно цікаве поєднання спеціальностей і розширює перспективи для професійної реалізації випускників  інформацію надано кафедрою природничих наук і методик їхнього навчання  ",1,1,0
98,"упродовж минулого тижня        квітня  студенти та викладачі провели низку заходів  які інформативно й цікаво презентували факультет математики  природничих наук та технологій  однією з важливих подій стала  ранкова кава зі стейкхолдерами    спілкування і налагодження взаємодії освіти і ринку праці  під час проведення цього заходу розглянуто питання гарантування високої якості реалізації та моніторингу освітньо професійних програм  які реалізуються на факультеті  саме стейкхолдери можуть визначати пріоритетні напрями професійної підготовки і умовах освітніх інновацій  надавати поради щодо підвищення якості практичної підготовки здобувачів вищої освіти  сприяти реалізації виробничих практик  ректор цду імені володимира винниченка євген соболь зазначив  що в університеті значна увага приділяється взаємодії зі стейкхолдерами  у межах цієї співпраці організовано різноманітні заходи  проводяться відкриті лекції та тренінги  студенти проходять виробничу практику і працевлаштовуються у компаніях  на підприємствах  у закладах загальної середньої і професійної освіти тощо  декан фмпнт тетяна фурсикова зазначила  що співпраця зі стейкхолдерами є важливою для забезпечення якості освітньої діяльності та якості вищої освіти в університеті  стейкхолдери  студенти   наші партнери  ми разом зацікавлені в якісній професійній підготовці майбутніх фахівців  присутні на зустрічі представники бізнесу  державного і муніципального сектору економіки  керівники закладів середньої та фахової передвищої освіти високо оцінили рівень підготовки випускників факультету математики  природничих наук та технологій  окреслили напрями вдосконалення освітніх програм  зустріч була вдалою  плідною і приємною  плануємо і надалі запрошувати до співпраці стейкхолдерів нашого університету  інформацію надано кафедрою математики та методики її навчання  ",1,0,-1
100,"у межах тижня факультету математики  природничих наук та технологій відбувся конкурс робіт за темою  розробка графічного редактора   змагалися студенти   курсу спеціальності  комп ютерні науки   додатки створювались з використанням засобів visual c    усі роботи  представлені на конкурсі  мають унікальний дизайн та суттєво відрізняються функціональністю  фіналістів визначали дружнім голосуванням  у якому взяли участь як студенти  так і викладачі факультету  пропонуємо найцікавіші розробки  які виграли в конкурсі  робота максима лікаренка  робота руслана старухіна  розробка юрія грицуна  розробка михайла рехмана  інформацію надано кафедрою інформатики та інформаційних технологій  ",0,4,4
101,"у вівторок    квітня відбулася екскурсія до лабораторії програмування мікроконтролерів та робототехніки  завітали учні з комунального закладу  фортечна гімназія кропивницької міської ради  разом з вчителем тетяною прядун  випускницею факультету математики  природничих наук та технологій  екскурсію провели завідувачка кафедрою світлана шлянчак і викладачка людмила ганенко  студенти спеціальностей середня освіта  інформатика  та комп ютерні науки демонстрували власні проєкти  андрій ткаченко  сергій котельніков  наталія черненко  максим мелешко  для учнів провели майстер клас  де кожен учасник працював з мінікомп  ютером micro bit  зокрема написали код та запустили його на виконання  для підвищення мотивації школярів до вивчення робототехніки кафедра інформатики та інформаційних технологій планує надалі здійснювати такі заходи систематично  запрошуємо на навчання усіх бажаючих  ви отримаєте сучасні знання і навички з електроніки та робототехніки  програмування мікроконтролерів і станете фахівцем у галузі інформаційних технологій  інформацію надано кафедрою інформатики та інформаційних технологій  ",0,2,2
104,"у рамках тижня факультету математики  природничих наук та технологій    квітня      року до уваги студентів  викладачів та абітурієнтів була запропонована презентація наукового гербарію центральноукраїнського державного університету імені володимира винниченка  kpu   куратор наукового гербарію доцент кафедри природничих наук та методик їхнього навчання  доцент ганна аркушина ознайомила всіх зацікавлених з науковими основами гербарної справи в україні  європейських країнах та сша  пояснила роль наукового гербарію університету як єдиної регіональної гербарної колекції центральної україни  яка нараховує понад      екземплярів вищих рослин  студенти розглянули гербарні зразки  місце зберігання колекції та гербарних досліджень  отримали уявлення про технології збирання рослин в природних умовах  камеральної обробки рослинного матеріалу  гербаризації  збереження та поповнення гербарного фонду  також усім зацікавленим була надана інформація щодо ботанічних досліджень на сучасній території кіровоградщини  історії створення наукового гербарію університету з      року до теперішнього часу та процесу реєстрації його в міжнародній базі index herbariorum  нью йорк  сша   була висвітлена діяльність гербарію kpu  спрямована на збереження та поповнення існуючих колекцій  формування подальших напрямків досліджень флори кіровоградщини та центральної україни  вдосконалення бази даних про різноманітність рослинного світу  іншою біологічною локацією цього дня був природничий музей  екскурсію організувала професор ганна дефорж  а провела старший лаборант наталія ліщіменко  до екскурсії приєднався співробітник археологічного музею імені нінель бокій   археолог кирило панченко  він розказав присутнім цікаву інформацію про археологічні розкопки  антропологію  анатомічну будову стародавніх людей  про їхні захворювання та багато іншого  простір природничого музею поділений на три основні зони  лісова  водна і степова  кожну зону обладнано опудалами представників фауни  які проживають на території кіровоградської області  представлена експозиція відкрилася у      року  але робота зі створення музейних експонатів ведеться кафедрою ще з       в колекції музею представлені опудала ссавців і птахів нашого регіону  а також можна побачити велику колекцію комах  після екскурсії відвідувачі по новому відкрили для себе біологію та зауважили  що екскурсія була дуже цікавою  інформацію підготували доцент ганна аркушина  професор ганна дефорж та старший лаборант наталія ліщіменко  ",0,1,1
105,"у межах тижня факультету математики  природничих наук та технологій відбувся майстер клас  текстильна підставка під горнятко   захід для студентів провела доцент кафедри технологічної та професійної освіти людмила чистякова  присутні ознайомилися з технологією арт квілт  у якій з найдрібніших клаптиків тканини виготовляються корисні речі для тривалого використання  студентам презентовані інструменти та матеріали для шиття  із залишків тканин кожен обрав собі клаптики за кольором і виготовив підставку під горнятко  яка створює затишок при чаюванні чи кавуванні та захищає поверхню від гарячого  роботи вийшли дуже красиві й неповторні  відкриттям для студентів стала технологія вторинної переробки матеріалів  коли із зовсім непотрібних клаптиків виходить практична і корисна річ  присутні виявили бажання продовжити створення подібних виробів та вдосконалювати навички роботи з текстильним матеріалом  інформацію надано кафедрою технологічної та професійної освіти  ",0,1,1
107,"   квітня      року відбулося чергове засідання науково методичного семінару  актуальні проблеми навчання математики  інформатики та економіки  при кафедрі математики і методики її навчання  на порядку денному засідання семінару була тема  інтеграція у навчанні математики   розглянути яку запропонували доктор педагогічних наук  доцент кафедри математики і методики її навчання юлія ботузова та кандидат педагогічних наук  доцент кафедри математики і методики її навчання в в  нічишина  доповідь розпочала вікторія вікторівна нічишина  яка обгрунтувала актуальність розглядуваного питання  сформулювала мету інтеграції в освіті  визначальні аспекти поняття  інтеграція  в ззсо  описала зміст інтегративного підходу при вивченні математики в ззсо  охарактеризувала способи розгортання інтеграції в єдності з процесом диференціації при вивченні математики в ззсо  також спікер запропонувала шляхи застосування інтеграції у процесі формування предметно інтегративної системи навчання  наголосивши на тому  що одним з методів інтеграції є використання технології укрупнення дидактичних одиниць  далі в в  нічишина продемонструвала приклади     застосування одного із принципів технології укрупнення дидактичних одиниць   принципу протиставлення у навчанні математики     застосування інтеграції за методом розв язування рівнянь різних типів  продовжила тематику інтеграції у навчанні математики в ззсо юлія володимирівна ботузова  спікер присвятила свою доповідь геометричним ілюстраціям алгебраїчних задач  зокрема  наголосила на тому  що одним із пріоритетів розвитку математичної освіти  визначених у концепції математичної освіти    річної школи  є цілісне відображення компонентів математичної науки у змісті шкільного курсу математики  серед основних засад розробки змісту навчального матеріалу ю в  ботузова виділила інтеграцію геометричного матеріалу з арифметичним та алгебраїчним  при цьому можливості інтеграції алгебри та геометрії закладені в самій математиці через алгебраїчний та геометричний методи розв язування задач  далі спікер навела приклади розв язування математичних задач як алгебраїчним  так і геометричним методами  наголосивши на перевагах такого  подвійного  погляду на розв язки задач  насамкінець учасники семінари мали можливість побачити демонстрацію геометричного методу розв язування математичних задач за допомогою анімації та динамічного геометричного середовища geogebra  по завершенню доповідей відбулось жваве обговорення поставленої на семінарі проблематики  запрошуємо вчителів та науковців долучатися до роботи науково методичного семінару  актуальні проблеми навчання математики  інформатики та економіки  та ділитися з колегами своїми ідеями та науковими досягненнями    наступне засідання семінару  актуальні проблеми навчання математики  інформатики та економіки  відбудеться    травня      року  інформацію надано кафедрою математики і методики її навчання  ",0,1,1
109,"у межах тижня факультету математики  природничих наук та технологій відбувся  робо квест   організований студентами спеціальності професійна освіта  цифрові технології  та викладачами кафедри технологічної та професійної освіти дмитром соменком  миколою садовим та оленою трифоновою  до заходу долучилися учні фізико математичного класу ліцею  науковий   студенти групи цт  б роман островський і денис павлюк привітали учасників і поділилися інформацією та емоціями щодо технічного парку й напрацювань спеціальності професійна освіта  цифрові технології   сам  робо квест  містив два етапи      бої роботів   захід відбувся з використанням робо платформ  керованих через bluetooth і wi fi  кожен робот мав прикріплену повітряну кульку та вістря на передній частині  учасники  змагаючись між собою  намагалися чим швидше луснути якомога більше кульок противників  а переможцем став той  хто залишався з цілою кулькою  учасники демонстрували навички управління роботами та змагались за перемогу  змагання бойових роботів було дуже цікавим і захопливим конкурсом для учнів  що значно підвищило їхній інтерес до робототехніки  до інформатичних і математичних основ управління роботами  однак  перемога в цих боях залежала не лише від вміння керувати роботом  а й від того  як добре ліцеїсти ознайомились з його характеристиками та можливостями  цей конкурс не тільки забезпечив веселу та захопливу забаву  а й розвивав логічне мислення  креативність і здібності до роботи у команді      темна кімната   на другому етапі учням ліцею потрібно було за відведений час знайти прапорець з символікою нашого університету в кімнаті  в якій вони ніколи не бували  за допомогою рухомої робо платформи  робо платформа з відео інтерфейсом  управлінням через web сторінку та передачею даних за допомогою wi fi  після запуску платформа створює wi fi точку доступу  після підключення до якої потрібно зайти на сторінку локального web серверу  за допомогою зображення з web камери учні могли орієнтуватись у просторі та спробувати дослідити невідому кімнату  після кількох спроб  експериментів з обладнанням та тонкого налаштування параметрів інтерфейсу був обраний переможець  який впорався найшвидше з поставленим завданням  під час таких заходів учні не тільки мали можливість задовольнити свій інтерес до робототехніки і випробувати свої сили в захопливих змаганнях  але й познайомитися з досвідом роботи старших колег  які вже займаються цією справою на більш високому рівні  такі заходи стимулюють розвиток творчих і технічних здібностей учнів  розширюють їхні знання та досвід в галузі робототехніки та цифрових технологій  більш детально ознайомитись з процесом підготовки та самим заходом  ви можете переглянувши коротке відео романа островського  цт  б   joomlaworks  allvideos  plugin  v       starts here інформацію підготував к пед н  дмитро соменко  ",1,2,1
110,"почесна місія випала кафедрі технологічної та професійної освіти відкрити тиждень факультету математики  природничих наук та технологій  неабияке піднесення студентського настрою і гордість за навчання на факультеті відразу всі відчули  адже це особливий час  коли студенти  викладачі та науковці зібралися разом  щоб взяти участь у подіях  присвячених новим напрацюванням в науці та технологіях  поділитися досвідом  презентувати напрацювання кафедр  а також весело провести час у колі однодумців і прийняти участь в найрізноманітніших інтелектуальних і фізичних змаганнях  перший день тижня факультету був особливо важливим і для всього колективу кафедри технологічної та професійної освіти  адже випала нагода представити свої останні напрацювання в галузі робототехніки  мехатроніки  stem освіти та декоративно прикладного мистецтва  із молодіжною наполегливістю були продемонстровані різноманітні рухові й маніпуляційні можливості самостійно виготовлених студентами спеціальності професійна освіта  цифрові технології  роботів  що вразили глядачів своєю функціональністю  гостями виставки стали не лише викладачі та студенти факультету математики  природничих наук та технологій  а й ректор університету  професор євген соболь  приємно було бачити серед відвідувачів і учнів ліцею  науковий   окрім демонстрацій роботів  кафедра також представила свої дослідження в галузі мехатроніки  що є синергією механіки  електроніки та програмування  мехатронічні системи дозволяють використовувати різні сенсори  алгоритми та механізми для автоматизації процесів та управління технічними пристроями  кафедра представила декілька прототипів мехатронічних пристроїв  які використовуються в різноманітних сферах  таких як обробка матеріалів  автомобільна промисловість та інші  привабливими об єктами стали  d принтери  які виготовили андрій залевський  богдан апанасевич  і де використовується метод пошарового створення фізичного об єкту за цифровою  комп ютерною   d моделлю та виготовлені за його допомогою діючий верстат із числовим програмним керуванням  робот чистильщик та ряд  d моделей під керівництвом професора миколи садового  ст  викладача дмитра соменка  професора олени трифонової  програмована роборука виговлена студентами денисом павлюком  віталієм хомичем  денисом кориком  мариною рябоконь та романом островським здатна в автономному режимі роздавати рекламну продукцію і виконувати роль рекламного агента  викладачі  професор олена трифонова  ст  викладач дмитро соменко   роборука  є одночасно маніпулятором і моделлю промислового робота   керованого пристрою  оснащеного робочим органом для виконання рухових функцій  аналогічних до функцій руки людини  під час переміщення об єктів у просторі  оригінальний робот павук зібраний із деталей  виготовлених на  d принтері представляли студенти цифрових технологій віталій хомич  денис корик  денис павлюк  практична всі студенти спеціальності професійна освіта  цифрові технології  причетні до виготовлення механізованих колісних платформ на базі мікроконтролера arduino здатна як виконувати команди  що надходять до неї через bluetooth  так і діяти автономно  адже вона оснащена датчиками відстані  звуку   завідувач кафедри  професор микола садовий окремо акцентував увагу учасників заходу на будові квадрокоптера fimi a   призначенні його функціональних блоків  правилах і можливостях експлуатації  fimi a    квадрокоптер  що має низку вражаючих характеристик  дрон має подвійну систему позиціонування gps   глонасс  що забезпечує більш точні параметри польоту   мозком  квадрокоптера fimi a  є процесор cortex m  третього покоління  запис захоплюючого відео в full hd якості       x      пікселів  забезпечує камера з трьохосьовою цифровою стабілізацією зображення  учасники мали змогу покерувати програмованою робо рукою та механізованою платформою  колісна платформа на базі мікроконтролера arduino  з керуванням через bluetooth   особливо відвідувачів зацікавив lego слон   базова модель з комплекту lego mindstorms ev   який виготовляли студенти спеціальності середня освіта  трудове навчання та технології  під керівництвом влада губаря та студенти спеціальності професійна освіта  цифрові технології  денис павлюк і роман островський  відділ виставки  присвячений робототехніці та мехатроніці  був дуже цікавим та пізнавальним  усі гості змогли не тільки побачити різноманітні пристрої  але й дізнатися про те  як вони функціонують  бажаючі мали можливість самостійно покерувати деякими роботами  це була відмінна нагода для студентів  викладачів та гостей обмінятися знаннями та досвідом у галузі робототехніки та мехатроніки  широку гаму виробів декоративно ужиткового мистецтва  одягу  елементів інтер єру та багато іншого було представлено витворами студентів спеціальностей середня освіта  трудове навчання та технології  та професійна освіта  технологія виробів легкої промисловості   кожен охочий мав змогу помилуватися красотою виконаною студентами під началом викладачів кафедри технологічної та професійної освіти  попереду ще багато планів і проєктів  інформацію підготували професор микола садовий  ст  викладач дмитро соменко  професор олена трифонова  ",1,0,-1
111,"   квітня      року в межах тижня факультету математики  природничих наук та технологій відбулася зустріч студентів і викладачів факультету  а також учнів правового класу ліцею  науковий  із заступником начальника відділу протидії кіберзлочинам в кіровоградській області департаменту кіберполіції нпу романом кузьміним та інспектором відділу протидії кіберзлочинам в кіровоградській області департаменту кіберполіції нпу олександром ляпуном  метою візиту було ознайомлення студентської молоді з роботою кіберполіції щодо блокування російської пропаганди  інших шкідливих ресурсів  інформування населення про можливість захисту власних електронних даних  з цікавою доповіддю про роботу кіберполіції виступив студент спеціальності     професійна освіта  цифрові технології  денис павлюк  який очолює волонтерську групу студентів нашого факультету  це товариство активно співпрацює  допомагає кіберполіції  денис павлюк разом із представниками кіберполіції розповіли гостям про проєкт  мрія   який обʼєднує небайдужих громадян у напрямку протидії дезінформації  а також російській пропаганді у мережі інтернет  зазначений проєкт має офіційний сайт  https   mriya social   а також декілька ініціатив   телеграм канал  https   t me stoprussiachannel   в якому здійснюються комунікація з підписками  а також перелік завдань для блокування    бот для збирання нових посилань на ворожі ресурси   stopdrugsbot     офіційний бот для зібрання інформації про ворожу техніку  коллаборантів  мародерів та іншу оперативну інформацію  https   t me ukraine avanger bot     гра  котяцький драйв  для підняття морального духу громадян та допомоги зсу  представники департаменту кіберполіції нагородили грамотами студентів факультету математики  природничих наук та технологій за їхню активну позицію  за допомогу в роботі кіберполіції  нагороди отримали  піб група курс спеціальність стріхарчук анна павлівна кн  б   курс     комп ютерні науки грек сніжана петрівна кн  б   курс     комп ютерні науки черненко наталія миколаївна інф  б   курс     середня освіта  інформатика  минько родіон олександрович кн  б   курс     комп ютерні науки бокатенко михайло олексійович цт  б   курс     професійна освіта  цифрові технології  тематичне спілкування зацікавило студентів  вони ставили доповідачам різні запитання щодо захисту інформації та долучення до ініціативи для прискорення нашої перемоги  інформацію підготував к пед н  олександр щирбул та студент денис павлюк  ",1,0,-1
113,"   квітня      року в межах тижня факультету математики  природничих наук та технологій відбувся математично економічний квест для першокурсників  захід організували доценти кафедри математики та методики її навчання яна довгенко  людмила яременко та старший викладач марія луньова  у змаганні взяли участь команди студентів спеціальностей     менеджмент і     економіка  капітан володимир ланцов  та     статистика  капітан данило вербицький   першокурсників привітали завідувача кафедри математики та методики її навчання професор володимир панченко та доцент людмила яременко  вони ознайомили учасників з правилами гри  роздали карти маршрутів  прибувши на станцію  гравці повинні були розгадати її назву  зашифровану ребусом та виконати завдання квесту  студенти розгадували ребуси  кросворди  анаграми  вчилися працювати в команді  пам ятаючи гасло  один за всіх  а всі за одного   після проходження перших чотирьох етапів лідирувала команда статистиків з перевагою в   бал  тому на станції  математична  розпочалася  перегони за лідером   під час бліцопитування найбільше правильних відповідей дав володимир ланцов   капітан команди студентів спеціальностей     менеджмент і     економіка  це дало можливість наздогнати суперників і команди фінішували з абсолютно однаковою кількістю балів  наприкінці заходу професор володимир панченко узагальнив результати квесту  привітав студентів  вручив їм сертифікати учасників та солодкі призи  гра сприяла формуванню стійкого інтересу до математичних та економічних знань  застосування цих знань на практиці  розвитку логічного мислення  ініціативи  активізації групової розумової діяльності  матеріал підготувала доцент людмила яременко  ",2,1,-1
114,"   квітня на факультеті математики  природничих наук та технологій відбулась цікава та перспективна подія  на запрошення кафедри інформатики та інформаційних технологій до нас завітали гості   представники найуспішнішої регіональної it компаніїonix   посиланняhttps   onix team  анастасія воєвода   hr  recruiter та вадим сатир   techleadreact департаменту  спікери onix зустрілись зі студентами спеціальностей комп ютерні науки та середня освіта  інформатика   вони ознайомили студентів з напрямками роботи компанії  web devops mobile ui ux design unity  dproject management qa sales hr  recruitment marketing під час заходу спікери також розкрили студентам аспекти  які вирізняють onix на іт ринку україни  дозволяють щороку бути серед лідерів  визначено ресурси за допомогою яких можна підвищувати свою кваліфікацію та професіональні навички в іт  крім того  багато уваги приділялося питанням працевлаштування   першого робочого місця для студентів  професійним вимогам  які ставить компанія до інтернів  перевагам і бонусам для співробітників задля їхнього кар єрного й особистісного зростання  обговорили те  як потрапити до оніксу  з чого почати молодим розробникам та інші цікаві питання  презентували сувеніри та подарунки активним учасникам бесіди  студенти не хотіли відпускати цікавих співрозмовників  ставили багато запитань  на зустрічі також були присутні науково педагогічні працівники кафедри  оскільки спілкування зі стейкхолдерами важливе й для викладачів  підготовка сучасних кадрів для іт галузі   це надзвичайно цікава і відповідальна справа  адже потрібно врахувати всі аспекти професійної діяльності  узгодити проблеми та перспективи  тримати зворотний зв язок від усіх зацікавлених сторін  колектив кафедри інформатики та іт щиро вдячний за активну участь стейкхолдерів у практичній підготовці наших студентів і сподівається на подальшу співпрацю  інформацію надано кафедрою інформатики та інформаційних технологій  ",0,2,2
115,"   квітня      року для студентів факультету математики  природничих наук та технологій був проведений майстер клас з кулінарної справи  на вибір студентам було запропоновано різна тематика проведення заняття  студенти зацікавилися десертом  бите скло   над створенням рецептури торта зі сметаною працювала вся європа  рецепт цього десерту має давню історію і спочатку був швидше схожий на пудинг  однак  коли в європу потрапив агар агар  а згодом жителі континенту навчилися отримувати чистий колаген  прозорий без запаху   сметанний пудинг видозмінився  він  перетворився  на желейну масу з різними варіантами добавок у вигляді фруктів і східних солодощів  але більше всіх інших інгредієнтів європейцям смакували желе та мармелади  ці різнокольорові шматочки в застиглій кремоподібній масі дійсно нагадують скляні осколки  торт  бите скло  є одним із вишуканих десертів  для приготування торта були використані якісні продукти з урахуванням можливих поєднань різних фруктів  на майстер класі студенти під час приготування торта працювали активно та злагоджено  постійно відбувався обмін думками щодо особливостей технології приготування торта  при оздобленні виробу кожен студент мав можливість запропонувати власний варіант  коли виріб був готовий  студенти провели дегустацію торта  бите скло   ділилися враженнями від заняття та оцінювали отримані результати  майстер клас із кулінарії   це прекрасна можливість створити власний кулінарний шедевр і перейняти досвід від викладачів та інших студентів  інформацію підготувала к пед н  ірина царенко  ",0,9,9
117,"   квітня      року в межах дисципліни  основи декоративно ужиткового мистецтва  відбулася гостьова лекція  етноподорож у світ народної ляльки   наталії олександрівни свиридюк   заслуженої майстрині народної творчості україни  членкині спілки дизайнерів україни  здобувачки наукового ступеня  доктор філософії  кафедри основ виробництва та дизайну полтавського національного педагогічного університету імені в  г  короленка  для студентів спеціальності     середня освіта  трудове навчання та технології  факультету математики  природничих наук та технологій цду та учнів мистецького класу ліцею  науковий  пані наталією було розкрито надзвичайно цікавий та пізнавальний матеріал із історії виникнення народної ляльки  регіональних особливостей та традицій виготовлення вузлової ляльки  майстриня зазначила  що впродовж багатьох віків вузлова лялька була невід ємним атрибутом українських родин  у давнину матусі аби забавити дитину нашвидкуруч робили ляльок із маленьких клаптиків тканин  соломи та інших матеріалів  кожен регіон мав свої особливості виготовлення ляльок  вони вирізнялися матеріалами та способами виготовлення  для них використовували натуральний льон чи домоткане полотно  щоб надати іграшкам яскравості  полотна заздалегідь вимочували в натуральних барвниках  що готували з калини  чорної горобини  соку бузини та буряку  наталія свиридюк досліджує особливості побутування народної ляльки  продовжує традицію виготовлення ляльок мотанок так само  як колись її бабуся  коли в основу ляльки береться гілочка плодового дерева  студентам було продемонстровано чисельні світлини реконструкції давніх ляльок  сучасних ляльок  в яких увесь образ продуманий до найменших дрібниць   форма  стрій  вишивка на вбранні  аксесуари та доповнення  позитивного настрою надала міні виставка ляльок мотанок  виготовлених на практичних заняттях студентами та представленими на заході окремою експозицією  такі зустрічі сприяють покращенню обізнаності студентів із найкращими зразками декоративно ужиткового мистецтва  поглиблюють їх знання та мотивують до вивчення українських традицій  інформацію підготувала д пед н   доцент людмила чистякова  ",0,1,1
118,"   квітня      р  в межах тижня факультету математики  природничих наук та технологій наталя мироненко  доцент кафедри технологічної та професійної освіти провела майстер клас зі створення зачісок  плетіння кіс   така форма діяльності передбачена під час вивчення теми  краса та здоров я твого волосся  освітнього компонента  технологія побутової діяльності  для студентів спеціальності  середня освіта  трудове навчання та технології    у майстер класі взяли активну участь як викладачі  так і студенти різних спеціальностей факультету  всі охочі мали змогу спробувати себе і в якості моделі  і в якості майстра  відтворити власноруч різноманітні види плетіння  такі практичні навички стануть потрібними як у майбутній професійній діяльності вчителів трудового навчання та технологій  так і в повсякденному житті будь якої людини  інформацію надано кафедрою технологічної та професійної освіти  ",1,2,1
119,"   квітня      року на факультеті математики  природничих наук та технологій в межах тижня факультету відбувся математичний брейн ринг  брейн ринг   це інтелектуальна гра між декількома командами у формі відповідей на запитання  відповідно з правилами команди гравців одночасно відповідають на одне і те ж запитання  причому команда  яка першою правильно відповіла позбавляє суперника можливості відповісти на це ж запитання  перемагає команда  яка набрала більше очок  проведенню математичного брейн рингу передувала ретельна підготовка на кафедрі математики і методики її навчання  зокрема  під керівництвом доцента інни ключник  за участю доцентів юлії ботузової  наталії войналович і вікторії нічишиної розроблено систему математичних запитань та критерії оцінювання відповідей  ведучими математичного брейн рингу стали студенти першого  бакалаврського  рівня вищої освіти олеся вдовиченко  студентка групи мф  б та андрій малий  студент групи мф  б  у брейн ринзі взяли участь здобувачі вищої освіти     курсів спеціальностей середня освіта  математика   середня освіта  фізика   середня освіта  інформатика   студенти об єдналися на три команди гравців і команду вболівальників  запитання брейн рингу містили як обчислювальні  логічні  так і пізнавальні математичні завдання  учасники гри із задоволенням і здоровим запалом суперництва відповідали на запитання ведучих  додаючи бали до рахунку своєї команди  усі учасники та організатори брейн рингу отримали неймовірні  позитивні емоції під час гри та домовилися про наступні зустрічі в ігровому форматі  навіть попередньо призначивши ведучих  дякуємо нашим студентам  ви   найкращі    інформацію надано кафедрою математики і методики її навчання  ",1,0,-1
120,"центральноукраїнський державний університет імені володимира винниченка факультет математики  природничих наук та технологій кафедра технологічної та професійної освіти інформаційний лист шановні пані та панове  запрошуємо учнівську та студентську молодь  до участі в онлайн конкурсі творчих робіт  палітра талантів       конкурс відбудеться в центральноукраїнському державному університеті імені володимира винниченка у конкурсі можуть брати участь творча молодь від    років  учні та студенти закладів освіти кіровоградської області  номінації  одяг  взуття та аксесуари  жіночий  чоловічий  дитячий   художній текстиль  вироби декоративно ужиткового мистецтва  дизайн декору в інтер єрі  дизайн приміщення  ландшафтний дизайн  впорядкування території закладу освіти    д друк  макетування  кулінарне мистецтво  відзначення переможців конкурсу  визначення лауреатів конкурсу здійснюється журі        та глядачами        за найбільшою кількістю  лайків  під фото опублікованих у соцмережах робіт   за підсумками проведеного оцінювання робіт визначається      від загальної кількості конкурсних робіт  а їхні автори оголошуються лауреатами конкурсу  учасників фіналу конкурсу чекають дипломи  а переможців спеціальні призи від спонсорів конкурсу  витрати за пересилання нагород за межі м  кропивницький сплачуються учасником або його законним представником чи третіми особами   кожен учасник має право брати участь у будь якій номінації  категорії учасників  категорія  аматори та учні   автори  які створюють роботи для особистої самореалізації  учні закладів загальної середньої освіти  шкіл естетичного виховання  учасники гуртків і студій позашкільних закладів освіти віком від    років  категорія  студенти та майстри   студенти закладів вищої освіти усіх рівнів акредитації  учні закладів професійної  професійно технічної  освіти  художники  майстри декоративно ужиткового мистецтва  творча молодь  умови участі в конкурсі участь у конкурсній програмі стає можливою за виконання хоча б однієї з двох умов  публікації у соцмережах facebook та або instagram до    травня фотографій проєктів  які мають публічний статус та відмічені визначеним хештегом конкурсу  палітраталантів  цду  де замість знаку  підкреслення  позначається рік у якому проводиться конкурс  наприклад   палітраталантів    цду  фотографії проєктів  інформацію про автора ів   піп  рік народження  заклад освіти  контактний телефон   надсилаються до    травня на електронну пошту ця електронна адреса захищена від спам ботів  вам потрібно увімкнути javascript  щоб побачити її  document getelementbyid  cloak af   dcf  f     f f   d  a f d    innerhtml       var prefix          a     i                 o   var path    hr     ef         var addy af   dcf  f     f f   d  a f d     r      sh      tn      k      v                     addy af   dcf  f     f f   d  a f d    addy af   dcf  f     f f   d  a f d     gm           l               c      m   var addy text af   dcf  f     f f   d  a f d     r      sh      tn      k      v                       gm           l               c      m  document getelementbyid  cloak af   dcf  f     f f   d  a f d    innerhtml      a     path          prefix         addy af   dcf  f     f f   d  a f d          addy text af   dcf  f     f f   d  a f d      a    організаторам для розміщення на офіційних сторінках факультету математики  природничих наук та технологій університету в соцмережах facebook та або instagram  проєкт має бути виготовлено власноруч  один або кілька авторів  учасниками конкурсу  які відповідають усім вимогам  кількість учасників від одного закладу освіти є необмеженою  кількість робіт від учасника або учасників є необмеженою  якщо у соцмережі профілю автора проєкту не можливо ідентифікувати особистість  то на вимогу оргкомітету конкурсу автор повинен надати дані про себе  прізвище та ім я автора ів  проєкту й назву закладу освіти  де навчає ю ться  відповідальність за зміст публікації повністю несуть її автори  автор   контактні телефони                 телеграм  дар я решетнікова                вайбер  оксана абрамова положення конкурсу палітра талантів інформацію підготували оргкомітет конкурсу та студенти олександра парфьонова  анастасія вікторія рябченко  стасик  ",1,27,26
121,"цього року тиждень факультету математики  природничих наук та технологій розпочався дуже енергійно  студенти факультету показали  що їм під силу не лише підкорення природничих наук  математики  іт сфери  але й спортивні вершини  до змагань із шахів і шашок долучилися студенти  випускники  викладачі факультету та їхні діти  а також учні ліцею  науковий   організатором і суддею змагань була юлія ковальова  кандидат педагогічних наук  старший викладач кафедри фізичного виховання і рекреаційно оздоровчої роботи цду  гра в шахи та шашки   це цікава розвага і спосіб розвивати мислення  логіку та творчість  учасники змагань мали можливість не лише позмагатися за перемогу  але й показати свої знання та навички у грі  схожі заходи сприяють розвитку спортивного духу  підвищенню самооцінки й розвитку почуття товариства  розширення кола знайомств з поміж учасників  змагання з шахів і шашок позитивно впливають на всіх учасників і допомагають їм розвиватися в різних сферах змагального й інтелектуального виду спорту  серед наймолодших учасників шахового турніру варто відзначити назара онойка  який попри свій юний вік виграв декілька партій поспіль  оголошення переможців змагань із шашок та шахів заплановане на початок травня  цього дня на факультеті математики  природничих наук та технологій відбувся турнір з волейболу  студент   викладач   випускник   для проведення змагання з волейболу було сформовано компетентне журі  яке очолив сергій мішин  кандидат педагогічних наук  доцент  доцент кафедри фізичного виховання і рекреаційно оздоровчої роботи  у змаганнях узяли участь   команди    студентські команди   волейболісти    dream team    с        команда викладачів та випускників  викладачі   змагання були захопливими  всі команди показали дуже високий рівень гри  в результаті підсумків змагань перемогу здобула команда  викладачі   переможцям вручили грамоту та кубок  усі учасники змагань були задоволені результатами  виявили великий ентузіазм та спортивний дух  такі змагання допомагають студентам і викладачам більше пізнавати один одного  спілкуватися у позаурочному просторі  що сприяє загальному розвитку та єднанню колективу  інформацію підготували голова студради дар я решетнікова та заступник декана олена трифонова  ",0,1,1
122,"найкращий спосіб розібратися в чомусь   спробувати навчити цього ваш пк дональд кнут   батько алгоритмів   найбільша цінність іт стартапу   це люди брендан айк  засновник javascript  я не знав  чи в мене вийде  я не знав  чи стану відомим  та я хотів створити щось корисне не лише для себе  а й для всієї іт спільноти у світі соломон хайкс  засновник технології docker     квітня в межах тижня факультету математики  природничих наук та технологій в аудиторії     о       відбулась цікава подія   зустріч студентів     курсів спеціальностей  комп ютерні науки  та  інформатика  з випускниками спеціальності  комп ютерні науки   які наразі працюють у найуспішнішій регіональній іт компанії онікс  безумовно  ця зустріч стала чудовою нагодою для майбутніх фахівців  наживу  поспілкуватись із фахівцями  поставити запитання  отримати неочікувані відповіді  зануритись у іт шну проблематику та надихнутись історіями успіху у невимушеній та доброзичливій атмосфері  першим спікером виступив володимир міхав  член  зоряної  команди cuspu notfound      року  а наразі заступник одного із департаментів кампанії  яка займається фронтенд розробкою іт проєктів  у наших студентів було багато запитань  як от  які базові знання потрібні для успішної кар єри ітшніка  як потрапити в onix  у яких проєктах задіяна команда  володимир докладно та змістовно відповідав на питання  зокрема дав практичні поради  зорієнтуватись у сфері  де ви хочете працювати  базова мова   це лише інструмент  головне   володіти базовими навичками   мати бажання і готовність навчатись  йти варто туди  де для вас найпростіший поріг входу  розпочати простіше на проєкті  який уже триває  далі ініціативу перехопив віктор туртуріка  одногрупник  а тепер і співробітник  він зупинився  зокрема  на важливості навичок та досвіду командної роботи  добрим словом згадав викладачів кафедри о ф баранюка  в в котяка та і в лупан  завдяки їх дисциплінам були набуті перші  такі корисні у подальшому навички командної роботи  дуже став у нагоді студентський досвід участі в хакатонах та олімпіадах  наступною спікеркою виступила юлія носко   також незмінна учасниця  зоряної  команди  вона висвітлила особливості стратегії менеджменту кампанії   особливості роботи з клієнтами  можливість працювати у гнучкому змішаному графіку  приємні бонуси у вигляді кави та смаколиків  і  звичайно ж  наголосила на необхідності знання англійської мові на рівні спілкування  дуже приємно бачити і слухати наших випускників   профі своєї справи  двері alma mater завжди для вас відкриті  і  наостанок  хочеться пригадати славні події із студентського життя наших студентів  які зберігаються в архівних новинах  наші програмісти   вперше у півфіналі світової першості фізматівські команди гідно виступили на змаганнях з програмування фізматівці взяли участь у початковому етапі світової олімпіади з програмування участь команди cuspu notfound у півфіналі світової першості з програмування все тим же зірковим складом   ",2,2,0
123,"   квітня      року в межах тижня факультету математики  природничих наук та технологій у лабораторіях     і     організовано хімічній інтерактив  викладачі кафедри природничих наук і методик їхнього навчання разом зі студентами спеціальності     середня освіта  хімія  активно долучились до проведення тематичного майстер класу  гості  студенти мали можливість ознайомитися із захоплюючими хімічними перетвореннями  але особливе зацікавлення викликало прикладне застосування хімічних знань у повсякденному житті  зокрема присутні мали можливість дослідити продукти харчування  разом проаналізували ранні овочі на вміст нітратів  перевірили ковбасні та молочні продукти щодо наявності в них крохмалю  визначали вміст білків  жирів і вуглеводів у продуктах харчування  виявляли наявність вітаміну с у фруктах  овочах і ще багато цінних для повсякденного життя хімічних дослідів  гості заходу мали можливість переконатися в тому  що хімічні знання не тільки цікаві й захопливі  а й украй необхідні щодня  адже вони дають можливість влаштовувати власне життєве середовище без шкоди для себе  дотримуватися здорового способу життя  безпечно поводитись із хімічними сполуками і матеріалами в побуті  інформацію надано кафедрою природничих наук і методик їхнього навчання  ",0,1,1
124,"у суботу    квітня      року на факультеті яскраво й цікаво пройшов день відкритих дверей  який відвідали понад     учнів шкіл  а вже в понеділок     квітня  до нас знову завітали гості   студенти   курсу кіровоградського кооперативного фахового коледжу економіки і права імені м п сая  випускників спеціальності інженерія програмного забезпечення зацікавила освітня програма  середня освіта  фізика та астрономія  інформатика   робототехніка   гостей радо зустріли на кафедрі природничих наук і методик їхнього навчання  завідувачка кафедри ірина сальник  гарант освітньої програми доцент едуард сірик та завідувачка лабораторій наталія донець  говорили про те  які переваги має освітня програма  які умови вступу та навчання для випускників коледжу  про кар єрні перспективи та студентське життя на факультеті  показали навчальні лабораторії  які оснащені сучасним обладнанням  фізичні  мікроелектроніки та робототехніки  з лабораторією програмування мікроконтролерів та робототехніки студентів коледжу ознайомила завідувачка кафедри інформатики та інформаційних технологій світлана шлянчак  доцент олександр баранюк і викладач людмила ганенко продемонстрували гостям проєкти  розроблені студентами на платформах micro bit та arduino  спілкувалися у дружній невимушеній атмосфері  сподіваємось  що юнаки зробили свій вибір  чекаємо на нові зустрічі  адже двері нашого факультету завжди відчинені  а ми готові зустріти усіх  кого цікавить наука  інформацію надано кафедрою природничих наук і методик їхнього навчання  ",0,2,2
127,"      квітня      року відбувся семінар  проблеми технологічної освіти  організаторами якого стали кафедра технологій виробництва та професійної освіти луганського національного університету імені тараса шевченка  м  полтава  спільно з кафедрою технологічної та професійної освіти центральноукраїнського державного університету імені володимира винниченка  м  кропивницький  та кафедрою технологічної освіти уманського державного педагогічного університету імені павла тичини  м  умань   семінар проходив у форматі відеозустрічі  модератором семінару виступив віктор бурдун  завідувач кафедри технологій виробництва та професійної освіти лну ім  т  шевченка  у перший день розглядалися питання присвячені проблемам технологічної освіти у закладах вищої освіти та були присутні професорсько викладацький склад кафедр співорганізаторів та здобувачі освіти  тема першого дня семінару   сучасні тенденції підготовки студентів у закладах вищої освіти    концептуальні засади побудови стандарту вищої освіти україни галузі знань    освіта педагогіка  спеціальності     середня освіта  за предметними спеціальностями     завідувач кафедри технологій виробництва і професійної освіти дз  луганський національний університет імені тараса шевченка   кандидат педагогічних наук  доцент  віктор бурдун   підготовка вчителя трудового навчання та технологій до реалій нової української школи    завідувач кафедри технологічної освіти уманського державного педагогічного університету імені павла тичини  доктор педагогічних наук  професор андрій терещук   функціонування освітньої програми у вищій школі в контексті акредитаційних процедур    доцент кафедри технологічної освіти уманського державного педагогічного університету імені павла тичини  кандидат педагогічних наук  доцент віталій бербець  обговорення актуальних питань технологічної освіти під час роботи другого дня семінару були присутні професорсько викладацький склад кафедр співорганізаторів  методисти інститутів післядипломної освіти  вчителі  студенти  тема другого дня семінару   технологічна освіта в контексті нової української школи    технологічна освіта в контексті нової української школи    завідувач кафедри технологічної освіти уманського державного педагогічного університету імені павла тичини  доктор педагогічних наук  професор андрій терещук   особливості роботи з конструктором навчальних програм  оцінювання навчальних досягнень учнів на уроках технологій в нуш    доцент кафедри технологічної та професійної освіти центральноукраїнського державного університету імені володимира винниченка  кандидат педагогічних наук  доцент оксана абрамова  панельна дискусія  до роботи семінару долучилися викладачі кафедри технологічної та професійної освіти нашого університету  завідувач кафедри  доктор педагогічних наук  професор микола садовий  кандидат педагогічних наук  доцент ольга пуляк  доктор педагогічних наук  доцент людмила чистякова  кандидат педагогічних наук  доцент оксана абрамова  кандидат педагогічних наук  доцент наталя мироненко  студенти спеціальності середня освіта  трудове навчання та технології  єлизавета берегуленко  юлія іваниця  анна колісник  сергій крангач  микола максімов  алла мисник  наталія тіхонова  тетяна суріната інші  висловлюємо щиру вдячність за співпрацю  змістовні доповіді  обговорення актуальних питань технологічної галузі  інформацію надано кафедрою технологічної та професійної освіти  ",2,0,-2
128,"   квітня      року відбувся день відкритих дверей на факультеті математики  природничих наук та технологій  цього разу гостями факультету стали понад сто учнів шкіл  ліцеїв  коледжів кропивницького та кіровоградської області  студенти й викладачі на чолі з деканом тетяною фурсиковою радо зустріли тих  кого зацікавила можливість навчатись за перспективними спеціальностями факультету  всіх присутніх привітали декан тетяна фурсикова  заступники декана олена трифонова й ольга рєзіна  тетяна володимирівна розповіла про факультет  здобутки колективу і студентів  можливості та перспективи навчання  стажування і практики  міжнародну співпрацю  заступник відповідального секретаря приймальної комісії університету людмила чистякова розповіла про особливості вступної кампанії  її терміни  технологію подання електронних заяв  наголосила  що приймальна комісія цду супроводжує абітурієнтів у питаннях реєстрації електронних кабінетів  допомагає в подачі заяв  людмила олександрівна запросила випускників на підготовчі курси  які допоможуть узагальнити знання при підготовці до нмт й отримати додаткові бали при вступі  майбутні абітурієнти  які прагнуть долучитися до сучасних технологій та інновацій  довідалися про спеціальності  професійна освіта  технологія виробів легкої промисловості  професійна освіта  цифрові технології  середня освіта  трудове навчання та технології  з родзинками навчання за цими напрямками ознайомив завідувач кафедри технологічної та професійної освіти професор микола садовий  для тих  хто мріє пізнати світ фінансів  економіки  обчислень  розрахунків і доведень  запропоновано спеціальності  середня освіта  математика  економіка менеджмент підприємницька діяльність і торгівля статистика з ними майбутніх абітурієнтів ознайомили завідувач кафедри математики і методики її навчання професор володимир панченко  доценти юлія ботузова й оксана буткевич  учням  які вірять у силу штучного інтелекту  захоплюються програмуванням  презентували спеціальності  середня освіта  інформатика  комп ютерні науки інформаційні технології та системи з особливостями професійної підготовки за цими напрямками гостей ознайомили завідувач кафедри інформатики та інформаційних технологій доцент світлана шлянчак і доцент ольга рєзіна  для молоді  яка хоче рухатися разом з науково технічним прогресом  з дитинства захоплюється спостереженнями за природою  обожнює подорожі  запропоновано спеціальності  середня освіта  біологія та здоров я людини  середня освіта  хімія  середня освіта  географія  середня освіта  фізика та астрономія  середня освіта  природничі науки  туризм і рекреація питання навчання й практичної підготовки за цими спеціальностями розкрили завідувач кафедри природничих наук і методик їхнього навчання професор ірина сальник  професор ганна дефорж і доцент антоніна зарубіна  цікаві моменти студентського життя презентувала голова студентської ради факультету дар я решетнікова  після розповідей про факультет  особливості вступу і навчання на ньому для гостей проведено майстер класи та екскурсії  цього дня проведено низку заходів  які допомогли інформативно та цікаво розповісти про навчання на факультеті  гості мали можливість відвідати лабораторії та аудиторії для занять  довідатися про новітні досягнення в галузі науки та технологій  а також поспілкуватися з викладачами і студентами  цей захід був дуже корисним та цікавим для всіх учасників  олена трифонова  заступник декана  ",1,3,2
129,"за програмою підвищення кваліфікації педагогічних працівників ззсо  використання інформаційно комунікативних тацифрових технологій в освітньому процесі  включаючи електронне навчання  проведено планові заняття  тестування слухачів та підсумкову конференцію  професор олена трифонова розглянула зі слухачами основні інновації в сучасній освіті  детально зупинилася на stem освіті та засадах цифровізації освітнього процесу  ефективною була дискусія та тему  інноваційна діяльність викладача за спеціалізацією   професор микола садовий розкрив важливість і перспективи освітньої робототехніки  на заняттях слухачі долучилися до створення моделей робота з безоплатним конструктором lego digital designer  ldd   старший викладач дмитро соменко ознайомив слухачів із технологіями інтернету речей та штучного інтелекту  в дискусії взяли участь студенти денис павлюк та роман островський  доцент світлана шлянчак обговорила зі слухачами проблеми діджиталізації в освіті та суспільстві  детально проаналізувала технологію електронного навчання  його переваги та недоліки  під час підсумкової конференції слухачі поділилися власними напрацюваннями упродовж курсів підвищення кваліфікації  спрямованими на практичну діяльність у закладах освіти  де вони працюють  зокрема  лариса коляда  яка працює в аджамському ліцеї  поділилася досвідом використання інтерактивної дошки  за результатами проведених занять зробила висновок про актуальність зв язку учителів практиків і фахових викладачів  бо значно збагатилася новітніми ідеями  слухачка антоніна гашенко одна з перших під час практичного заняття з робототехніки успішно виконала завдання зі створення моделі власного робота  якого відразу показала своїм учням  поділилася програмним забезпеченням lego digital designer зі своїми учнями  школярі відразу сприйняли пропозицію створити власні моделі роботів і взялися за їхнє виконання  оксана маламуж працює вихователем у дошкільному закладі  має досвід складання різних простих фігур  використовуючи набір lego    після ознайомлення на курсах перепідготовки з інтерфейсом конструктора lego digital designer і технологією його використання при складанні моделей роботів наступного дня використала здобуті знання під час уроку з дітьми  була приємно здивована  коли вони вносили пропозиції з удосконалення моделі  відзначила важливість обізнаності у діджиталізації в освіті  перспективами штучного інтелекту  учитель математики та інформатики вищої категорії новоукраїнського ліцею    ольга таровик ще під час проведення практичного заняття зі складання обраної моделі робота завершила свою роботу й одразу презентувала її  як приклад практичної діджиталізації під час навчання учнів поділилася досвідом використання інтерактивної дошки та інших засобів  лариса чіпляка працює учителем фізичного виховання  сухачка поділилася досвідом цифрового всеобучу батьків  школярів та учнівського парламенту  що сприяє створенню оцифрованого освітнього середовища за тісної взаємодії школи сім ї та громадськості  курси підвищення кваліфікації були на часі  учитель початкових класів світлана сінокоп поділилася досвідом використання під час занять елементів stem освіти  методикою використання youtube в освітньому процесі  наталія полежай працює в ліцеї  крила україни  знам янської міськради  читає навчальний предмет  я пізнаю світ   учителька з дому принесла в школу телевізор і широко використовує електронні зошити  електронні підручники  презентації  ввела електронну фізкультхвилинку  свій виступ на конференції учителька проводила під час уроку і за допомогою відеокамери продемонструвала фрагмент свого уроку  пізнаємо природу   цікавою інформацією поділилася тетяна рибкіна з досвіду використання на уроках географії інтерактивної дошки  показала квест технологію навчання географії  де мають місце рольові ігри й інтелектуальне змагання  цікавою є аналогічна робота з батьками учнів  висловила ідею запровадження моделювання за допомогою комп ютерних програм географічних понять  відомий в області вчитель фізики богданівської філії  богданівський ліцей імені і г ткаченка  суботцівської сільської ради кропивницького району олексій яресько розкрив методику використання онлайн симуляцій  які створюють нові можливості для захопливого та свідомого навчання школярів у жанрі комп ютерних ігор  у межах яких проводяться експерименти та моделювання фізичних явищ і процесів та різноманітні життєві ситуації  одержані знання на курсах підвищення кваліфікації дозволять розширити спектр професійної діяльності  специфічним досвідом організаторської та освітньої роботи поділилася надія заруцька  директор знам янської спецшколи для дітей із обмеженими можливостями  що полягає у використанні особливих засобів навчання учнів  вона поділилася труднощами  які виникають у зв язку із обмеженим фінансуванням  викладачі кафедри надали можливість включитися у дискусію студентам денису павлюку та роману островському  які поділилися досвідом роботи з грантами для такої категорії шкіл і пообіцяли в подальшому співпрацювати  катерина довженко систематично використовує інформаційно комунікаційні технології навчання ще з      року  поділилася досвідом співпраці з батьками та дітьми у такому навчанні  зокрема  склавши під час занять на курсах підвищення кваліфікації модель робота за запропонованою викладачами комп ютерною програмою lego digital designer  буквально наступного дня залучила до цієї роботи не лише учнів  а й батьків  дійсно ділова співпраця  за підсумками курсів підвищення кваліфікації склалися основи ділової співпраці викладачів кафедри технологічної та професійної освіти й учителів практиків  інформацію підготували д пед н   проф  м і садовий  к пед н  д в соменко та д пед н   проф  о м трифонова  ",1,2,1
130,"за рік повномасштабної війни жертвами російських мін стали    дітей  а третина території країни закидана вибухонебезпечними предметами  варто зазначити  що станом на    лютого в україні близько     тисячі км  потенційно закидані мінами й іншими вибухонебезпечними предметами  відкриту лекцію інструктаж із попередження ризиків  пов язаних із вибухонебезпечними предметами було проведено    квітня      року на факультеті математики  природничих наук та технологій  навчання проводили фахівці міжнародної гуманітарної організації mines advisori group  керівник групи яна семенюк разом з колегами обговорили зі студентами тему   гуманітарне розмінування та інформування про мінну безпеку   здобувачі освіти напрямів підготовки     економіка  економічна безпека       менеджмент  логістика       середня освіта  біологія та здоров я людини       середня освіта  трудове навчання та технології       професійна освіта  технологія виробів легкої промисловості       професійна освіта  цифрові технології  взяли активну участь в опитуванні та жваво дискутували під час заходу  метою зустрічі було висвітлення основних причин нещасних випадків  які пов язані з грубим порушенням елементарних правил безпеки  спроби взяти в руки  пересунути або розібрати предмет  бити по ньому  кидати у відкритий вогонь або воду  студенти довідалися як розрізняти вибухонебезпечні предмети  де вони можуть приховуватися  які знаки попереджають про них  яких правил безпечної поведінки слід дотримуватися у разі виявлення міни чи боєприпасів  під час зустрічі було наголошено  що дотримання правил мінної безпеки збереже життя людини  наші студенти знають ці правила й обговорять питання мінної безпеки всією родиною  дякуємо нашим партнерам за актуальну  своєчасну та життєво необхідну інформацію  матеріал підготувала доцент кафедри математики та методики її навчання оксана буткевич  ",1,1,0
132,"у суботу     квітня викладачі кафедри інформатики та іт разом із іншими кафедрами факультету взяли участь у традиційному факультетському заході    день відкритих дверей   цього дня майбутні абітурієнти й батьки мали змогу отримати необхідну інформацію про навчання на факультеті  спеціальності аби зробити перший крок до своєї освіти у цду імені володимира винниченка  перша локація носила загально ознайомлювальний характер й організованав      найбільшій аудиторії факультету  на початку заходу декан факультету тетяна фурсикова привітала присутніх та окреслила переваги навчання на факультеті  можливості кар єрного росту випускників та конкурентні переваги цду на ринку праці  основні питання вступної кампанії      року проаналізувала заст секретаря приймальної комісії людмила чистякова  доктор педагогічних наук  доцент  завідувачі кафедр разом з викладачами ознайомили гостей зі спеціальностями факультету  викладачі кафедри інформатики та інформаційних технологій презентували освітні програми  комп ютерні науки  інформаційні системи та технології  штучний інтелект  інформатика та робототехніка  після завершення загальної частини абітурієнти мали змогу відвідати різноманітні локації  викладачі й студенти кафедри інформатики та іт демонстрували цікаві проєкти  реалізовані на базі мінікомп ютера micro bit та платформи arduino  абітурієнти мали можливість покерувати робототехнічними системами  що викликало неабикий інтерес  для всіх охочих доцент кафедри олександр баранюк провів екскурсію до музею історії техніки  день відкритих дверей був насиченим і цікавим  майбутні абітурієнти отримали відповіді на всі запитання  довідалися як спроєктувати вдалий старт вступної кампанії  переконались у правильності вибору університету та спеціальностей факультету  адже цду має безліч можливостей для обрання професії майбутнього   ",0,1,1
133,"впродовж поточного навчального року на засіданнях вченої ради факультету математики  природничих наук та технологій неодноразово обговорювалися проблеми пов язані із вивченням та впровадженням в освітній процес новітніх досягнень науки та психолого педагогічної практики  декан факультету  доктор педагогічних наук тетяна фурсикова наголошувала увагу на новаторському досвіді  який ґрунтується на оригінальності та дослідницькому й експериментальному характері  раціоналізаторстві  виходячи із визначених завдань за заздалегідь визначеним планом    квітня      року делегація викладачів факультету відвідала національний університет біоресурсів і природокористування україни для ознайомлення із чотирма напрямками новітніх форм і методів наукової та освітньої роботи провідних кафедр  у нубіп україни представників цду імені володимира винниченка гостинно зустріли ректор університету  академік національної академії педагогічних наук україни  доктор педагогічних наук  професор станіслав ніколаєнко та проректор з науково педагогічної роботи та розвитку доктор економічних наук  професор  академік національної академії аграрних наук  заслужений діяч науки і техніки україни  відмінник освіти і науки україни сергій кваша  декани факультетів  обговоривши особливості організації освітньої та наукової діяльності в нубіп  учасникам були презентовані факультети університету  декан факультету т в фурсикова  завідувач кафедри інформатики та інформаційних технологій  доцент світлана шлянчак зосередилися на факультеті інформаційних технологій  який очолює доктор педагогічних наук  професор олена глазунова  крім вивчення організаційних форм роботи факультету  ґрунтовно проаналізована підготовка іт фахівців у нубіп  микола садовий  професор  завідувач кафедри технологічної та професійної освіти  олена трифонова доктор педагогічних наук  професор  доцент кафедри природничих наук і методик їхнього навчання  людмила ганенко  викладач кафедри інформатики та інформаційних технологій відвідали факультет конструювання та дизайну  гостей зустрів декан  кандидат технічних наук  доцент зіновій ружило  номінант золотої медалі на міжнародній виставці агро      за адаптивну систему  оператор машина   очільник факультету представив лабораторії та їх керівників  учених з робототехніки  віртуальної реальності  автоматизованих систем  нанотехнологій  зокрема  в лабораторії робототехніки розташовані  d принтери двох різних технологій друку  які дозволяють відпрацювати навички  d друку зменшених копій моделей конструкцій сільськогосподарської техніки на базі їх віртуальних моделей  побудованих у сучасних сапр  моделі роботів для відпрацювання навичок маніпуляцій різноманітними об єктами   при переміщенні вантажів вантажопідйомними механізмами галузевого машинобудування  професори микола садовий  олена трифонова та юрій ромасевич  кафедра конструювання машин і обладнання  обмінялися досвідом з технологій виготовлення роботів  активного запровадження мехатроніки й робототехніки в освітній процес  у приміщенні створюваної лабораторії віртуальної реальності цікавим було спілкування з завідувачем кафедри нарисної геометрії  комп ютерної графіки та дизайну доктором технічних наук  професором сергієм пилипакою і кандидатом технічних наук  доцентом андрієм несвідоміним  присутні із взаємною зацікавленістю поділилися досвідом і перспективами новітнього напрямку віртуальності в науці  відповідно й у частині створення та використання в освітньому процесі віртуальної реальності  тривалою й цікавою була дискусія професора миколи садового та доктора технічних наук  професора костянтина лопатько завідувача кафедра технології конструкційних матеріалів і матеріалознавства з особливостей досліджень сучасних конструкційних матеріалів та нанотехнологій  апогеєм цієї дискусії було детальне ознайомлення із технологією створення суспензій та базі наночастинок алюмінію та використання на практиці  ганна дефорж  доктор історичних наук  професор  професор кафедри природничих наук і методик їхнього навчання проаналізувала форми і методи навчання природничих наук в нубіп україни  професор володимир панченко обговорив питання підготовки фахівців з анатолієм дібровою  деканом економічного факультету нубіп україни  доктором економічних наук  професором і миколою солодким  кандидатом економічних наук  професором  засновником першої в україні кафедри біржової діяльності  в ході тривалої зустрічі надана реальна можливість на місці ознайомились зі специфікою та перевагами підготовки професіоналів із організації підприємств  торгівлі та біржової діяльності  професор володимир панченко відвідав заняття  на яких студенти проводять фундаментальний та технічний аналіз  формують біржові інвестиційні стратегії на провідних майданчиках світу  зокрема на біржах cme group  nyse  nasdaq  euronext  родзинкою відвідування нубіп стала екскурсія по головному корпусу  всього      проведена ректором станіславом ніколаєнком  який презентував зали засідань  музей  спортивний комплекс та неймовірний ботанічний сад університету  враження колосальне  є що реально запровадити у нашому університеті   ",1,1,0
134,"   квітня      року викладачі кафедри математики та методики її навчання професорка н о пасічник  доцентки к с акбаш та л і яременко поспілкувалися з випускниками кропивницького вищого професійного училища  спочатку викладачів центральноукраїнського державного університету імені володимира винниченка радо привітав директор олександр рацул та заступниця директора з нвр наталія кривенко  вони висловили побажання про співдружність та тісну плідну співпрацю викладачів цду та училища  викладачі університету подарували для бібліотеки кропивницького вищого професійного училища власні посібники  створені за підтримки проєкту the eu project        epp          lt eppka  cbhe jp gest  гендерні студії  крок до демократії та миру у сусідніх з єс країнах з різними традиціями   наталя пасічник схарактеризувала випускникам освітні програми та умови вступу цду       розповіла про конкурсні пропозиції факультету математики  природничих наук та технологій  зокрема на освітній програмі середня освіта  математика та інформатика  спеціальності     середня освіта  математика   людмила яременко повідомила про нові оп  як от  менеджмент  логістика  менеджмент іт технологій  менеджмент агробізнесу   економіка  економічна безпека  та підприємництво та торгівля  товарознавство та експертиза в митній справі   окреслила кар єрні перспективи майбутніх випускників  катерина акбаш презентувала освітню програму  інтелектуальний аналіз даних та цифрова економіка  спеціальності     статистика та розповіла про широкі можливості  сучасне комп ютерне і програмне забезпечення  різноманітні цікавинки для студентів факультету математики  природничих наук та технологій  усіх зацікавлених запрошено відвідати день відкритих дверей факультету  який відбувся    квітня  інформацію надано кафедрою математики та методики її навчання   ",1,1,0
138,"   квітня      р  в богданівському ліцеї імені і г ткаченка відбулася цікава та змістовна зустріч із волонтером департаменту кіберполіції  студентом   курсу факультету математики  природничих наук та технологій цду імені володимира винниченка михайлом бокатенком  він презентував проєкт  мрія   який створила кіберполіція україни спільно з волонтерами та небайдужими громадянами як сильну ініціативу протидії російським окупантам в медіапросторі  основна мета   знищення російських осередків в інтернеті  зменшення рівня кібербулінгу та цькування  протидія наркотикам та шахрайству  просвіта населення щодо інформаційної безпеки  залучення та мотивація громадян до активної громадянської позиції  михайло розповів про бот  stoprussia mriya   який отримає інформацію від небайдужих громадян про фейкові ресурси  котрі перевіряються модераторами та відправляються на блокування  довідалися присутні про бот  stopfraud mriya  і його функції  зацікавила учнів драйвова гра клікер  створена волонтерською командою українських розробників у співпраці з кіберполіцією україни  вирішили приєднатися до котиків зсу  тро та кіберполіції  щоб відбити навалу орків та перемогти в цій війні  під час зустрічі вчителі та діти отримали важливу інформацію щодо кібербезпеки та кібергігієни в соціальних мережах  зрозуміли  що громадяни можуть самостійно виявляти джерела пропаганди й очищати кіберпростір спільно з цим проєктом  михайло бокатенко наголосив  що студенти факультету математики  природничих наук та технологій цду імені володимира винниченка є активними захисниками кіберпростору   кожен українець   воїн на своєму фронті  а у нас одна мрія   stoprussia     наголосив михайло в кінці зустрічі  інформацію підготував студент групи цт  б михайло бокатенко  ",1,3,2
140,"у березні поточного року за ініціативи кафедри інформатики та інформаційних технологій між цду імені володимира винниченка та державним університетом телекомунікацій було заключено угоду про співробітництво у освітній та науковій сферах  в рамках співпраці до дут були запрошені викладачі кафедри інформатики та інформаційних технологій і на минулому тижні завідувачка кафедри с о шлянчак та викладачка кафедри л д ганенко відвідали університет  програма адміністративних зустрічей була дуже насиченою  зокрема  наші науковиці  ознайомилися з досвідом співпраці державного університету телекомунікацій з академією ікт huawei  особливостями проведення сертифікаційних курсів від huawei  cloud computing  cloud service  iot  routing   switching   проаналізували навчальні плани для спеціальності     інформаційні системи та технології  що є надзвичайно цінним  оскільки в цьому році вперше здійснюється набір студентів за освітньою програмою інформаційні системи та технології  штучний інтелект  відвідали лабораторії інтернету речей компанії vodafone та технологій  розумний будинок   на базі яких вивчають питання аналізу  дослідження  розробки та впровадження сучасних інформаційних технологій із використанням платформи arduino  моделювання та діагностування системи безпеки та комфорту  розумний будинок   в лабораторії робототехніки були представлені мехатронні пристрої та роботи на базі raspberry pi  цей захід виявився надзвичайно інформативним та корисним  а набутий досвід участі у подібних програмах дозволяє викладачам університету підвищувати якість надання освітніх послуг і сприяє створенню основ для поглиблення спільних дослідницьких та освітніх програм  інформацію надано кафедрою інформатики та інформаційних технологій  ",0,2,2
141,"з    по    березня      р  в дистанційному форматі відбулися відбірково тренувальні збори для учнів учасників іv етапу всеукраїнських учнівських олімпіад з біології та екології  до підготовки учнів долучилися доценти кафедри природничих наук і методик їхнього навчання г ф аркушина та м с боброва  під час тренувальних зборів учням було надано рекомендації щодо виконання практичної частини наукових робіт з екології  оформлення теоретичної частини  узагальнення результатів дослідження та їх апробації  ознайомлено з сучасними методами наукових досліджень  зокрема тих  які використовуються на кафедрі природничих наук і методики їхнього навчання  окрім підведення підсумків ііі  обласного  етапу олімпіади та опрацювання складних тем і напрямків біології та екології  ганна аркушина та марія боброва презентували факультет математики  природничих наук та технологій  ознайомили учнів зі спеціальностями  освітніми програмами  можливостями навчання та працевлаштування випускників університету  успіхів юним біологам екологам  перемоги нашій країні  інформацію надано кафедрою природничих наук і методики їхнього навчання  ",0,2,2
142,"група викладачів університету цду ім  в винниченка  зокрема доценти кафедри технологічної та професійної освіти с і рябець  о в пуляк  с о кононенко  н в мироненко та доцент кафедри інформатики та інформаційних технологій в в нарадовий    березня завітали до смт  новгородка для зустрічі з випускниками     р  перша локація профорієнтаційної поїздки   пту      очолюване директором м т лісовським  тут працюють четверо випускників факультету математики  природничих наук та технологій  які забезпечують професійно теоретичну  віталій миколайович брехуненко  руслан сергійович терпак  вікторія василівна чорна   інформатичну  юрій вікторович бутенко  та ін  складники освітнього процесу  двоє викладачів   нині студенти  закінчують навчання за спеціальністю     середня освіта  трудове навчання та технології   тому й зустріли нашу групу як давніх знайомих  здобувачів освіти училища було ознайомлено зі славетною історією і здобутками університету  а також перспективами майбутнього навчання в університеті  зокрема  презентували всі спеціальності цду ім  в винниченка  від традиційних вчительських до новітніх  які будуть започатковані з           н р  особливий інтерес в учнів викликали спеціальності професійної освіти  їхній фах  та комп ютерного спрямування  однак й інші освітні програми зацікавили присутніх  при цьому зауважувалось  що база і науковий потенціал в нашому регіоні поза конкуренцією  керівництво пту     ознайомило нашу групу з навчальною базою училища  показали один із найкращих в області кабінет харчових технологій  кабінет безпеки життєдіяльності  навчальні майстерні  виробничу базу  машинне господарство із земельними ділянками площею     га  тощо  відремонтований навчальний корпус не поступається дизайном інтер єрів кращим освітнім закладам обласного центру  загалом зустріч була корисною і цікавою для всіх  наступною локацією була опорна загальносвітня школа   ліцей новгородківської селищної ради кропивницького району кіровоградської області  де навчається у змішаному форматі близько     учнів     класів   три   і тут нас радо зустрів директор дмитро миколайович медніков  випускник спеціальності     комп ютерні науки цду ім  в винниченка  в ліцеї працюють також ще троє вчителів  випускників нашого університету різних спеціальностей   у комп ютерному класі ліцею були презентовані всі факультети та спеціальності  схарактеризовані база та науковий  творчий та спортивний потенціал університету  с і рябець   освітні програми факультету математики  природничих наук та технологій  в в народовий  о в пуляк  с і рябець   запрошено до участі в поточних конкурсах та заходах факультету  палітра талантів       день відкритих дверей факультету  о в пуляк   розкрито особливості опанування та майбутнього працевлаштування іт спеціальностей  в в народовий   продемонстрована мінівиставка здобутків студентів трудового навчання та технологій  н в мироненко   проведено анкетування випускників щодо вибору спеціальностей  які їх зацікавили  с о кононенко   учні отримали відповіді на всі запитання щодо вступної кампанії      року  як результат   позитивні емоції  гарний настрій  подальші перспективи активної співпраці  інформацію надано кафедрою технологічної та професійної освіти   ",0,4,4
143,"на відкритті лабораторії програмування мікроконтролерів та робототехніки було багато цікавих демонстрацій студентів і викладачів  умовно демонстрації можна об єднати у два блоки  до першого блоку слід віднести проєкти  реалізовані на базі мінікомп ютера micro bit  micro bit являє собою невеликий програмований комп ютер  покликаний надихнути дітей і молодь на вивчення програмування та електроніки у практичній та захопливій формі  це одноплатний мінікомп ютер  оснащений процесором і флешпам яттю  який має індивідуально програмовані входи та виходи  кнопки  що робить його функціональним невеликим пристроєм  він сумісний з багатьма безоплатними онлайн редакторами коду  розробленими для різних рівнів знань різними мовами програмування  в межах цього блоку було представлено  робот maqueen з ультразвуковим датчиком  який реагує на перепони  робот maqueen  керування яким здійснюється за допомогою пульта управління  робот maqueen plus з камерою huskylens  який демонструє зчитування даних з карток та реагує на зображення  причому реакція робота різна  на деякі зображення він реагує звуком  від деяких тікає   робот mecanum  який управляється за допомогою додатку  встановленого на телефон  розумний будинок з управлінням додатка  встановленого на телефон  ця модель оснащена датчиком температури та вологості  датчиком руху  датчиком пари  дощу   модулем rgb  аналоговим газовим датчиком  сонячною батареєю  lcd екраном  вентилятором та іншим  система розумного дому  як модель комфортного життя за допомогою сучасних технологій викликала особливе захоплення у глядачів  за допомогою зазначених сенсорів цю систему можна застосовувати для вимірювання температури  вологості та концентрації легкозаймистих газів у будинку  а також відчиняти та зачиняти двері та вікно  крім того  вся зібрана з сенсорів інформація може відображатися на lcd      в режимі реального часу  доступному для перевірки та моніторингу через смартфони  смартфон встановлює зв язок з будинком через блютуз  система підтримує такі варіанти живлення  сонячною енергією  через акумулятор  через кабель usb  у блоці   були представлені проєкти  реалізовані на платформі arduino  arduino   це відкрита програмована апаратна платформа для роботи з різними фізичними об єктами  являє собою плату з мікроконтролером  а також спеціальне середовище для написання програмного забезпечення мікроконтролера  в рамках блоку   продемонстровано  визначення вологості ґрунту з виведенням відсоткових значень на дисплеї  триколісна платформа з двома ведучими і одним пасивним колесом  має драйвер двигунів  датчики пройденого шляху та радіо модуль bluetooth  керування здійснюється з android додатку  домашня метеостанція з датчиками освітленості  температури  вологості повітря та вогню  система має засоби сигналізації про наявність вогню   звуковий та світловий сигнали  роботизована рука  яка переносить об єкти з одного місця в інше  кафедра інформатики та інформаційних технологій запрошує усіх охочих до співпраці в нашій лабораторії  сподіваємось  вона стане платформою для тих  хто хоче навчатися  розвиватися  знаходити однодумців та колег  реалізовувати власні ідеї і стартапи  підготувала доцент кафедри інформатики та іт о в присяжнюк  ",0,1,1
144,"   квітня      року на факультеті математики  природничих наук та технологій була презентована виставка  що вперше експонується у кропивницькому  умілими руками дванадцятьох українських майстринь з різних куточків країни створено проєкт триптих  україна  минуле  війна  майбутнє    де яскраво виражені емоції та почуття  які ми переживаємо у цей непростий час війни  мистецтво   воно завжди єдине і не роздільне  мистецтво об єднує людей  дарує красу та насолоду  унікальність мистецтва представили присутнім високохудожні  неповторні роботи  виконані технологією клаптикового шиття  виступила з вітальним словом та відкрила виставку проректор з науково педагогічної роботи  кандидат історичних наук  доцент ірина анатоліївна козир  привітав присутніх і наголосив на важливості таких виставок для студентів і всієї спільноти завідувач кафедри технологічної та професійної освіти  доктор педагогічних наук  професор микола ілліч садовий  виставка мала на меті  прожити  відчуття  показати різними техніками емоції  які проживає зараз наша країна  але вийшло дещо більше  це послання до людства про плинність часу  про справжні цінності  про можливості  які ми можемо втратити  ми дякуємо всім майстриням  котрі знайшли в собі сили створити таке диво  за кожний стібок та кожен образ  за натхнення та віру  темрява зникає  коли світло робить крок  розповіла про ідею створення робіт  процес виготовлення триптиху майстринями з усієї україни ініціаторка проведення виставки в кропивницькому  доктор педагогічних наук  доцент людмила олександрівна чистякова  доповнив захід студент данило агзамов  який виконав кілька чуттєвих пісень  що створили настій і підкреслили емоційність виставки  відвідали виставку не лише студенти  викладачі  співробітники університету  а запрошені гості та учні шкіл  які були приємно вражені побаченим  разом з виставкою на факультеті проведено ярмарок до великодня  всі зібрані кошти підуть на потреби зсу  дякуємо силам оборони за можливість провести захід  інформацію надано кафедрою технологічної і професійної освіти  ",1,1,0
145,"  квітня      року відбувся показ моделей одягу в рамках соціального проєкту  fashion вік   організаторами якого виступили фундація осіб старшого віку  вік щастя  та модельна агенція  mix models   метою проєкту було змінити стереотипи стосовно жінок старшого віку у світі моди  продемонструвати  що моделлю може бути не лише струнка і юна красуня  найстаршій жінці  що взяла участь у показі моделей було    роки  у програмі  fashion вік  презентували колекції українських дизайнерів та брендів  на запрошення організаторів проєкту кафедра технологічної та професійної освіти теж долучилася до модного показу  на конкурсі було предсталено п ять творчих колекцій одягу від студенток різних груп спеціальностей середня освіта  трудове навчання та технології  та професійна освіта  технологія виробів легкої промисловості  під керівництвом викладачок оксани абрамової  тетяни куценко  людмили чистякової та тетяни хріненко  до організаційних процесів та презентації активно долучилися студентки анастасія рябченко та марина рябоконь  на показі було представлено колекції суконь в сучасному українському стилі  оздоблених вишивкою різного виду та з різних матеріалів  колекція  барвистий світанок   створена за ідеями наталії кабак  уособлює красу та неповторність культури україни  кожна сукня має свої унікальні деталі та елементи машинної вишивки  підкреслює винятковість краси та стилю  колекція  волошка   втілена оленою кердяк  це вишуканий та неповторний одяг  що має чарівний та жіночний дизайн у білих та синіх відтінках  чарівна синя квітка волошки вказує на постійний зв язок з небом  а колекція одягу символізує квітучу україну та мирне небо  колекція  реінкарнація  виконана за авторськими технологіями ірини кудревич у етно стилі з елементами спортивного стилю  слоган колекції    відповідальна мода   тенденції майбутнього   в ній поєднані творча утилізація вживаного одягу  залишків тканин  пряжі та інших матеріалів  колекція одягу наочно демонструє можливості збереження навколишнього середовища через екологічну переробку текстильних матеріалів  при виготовленні колекції одягу було використано технологію печворк  комбінування різних тканин  плетення та новітню техніку  крейзі вул   творчим джерелом натхнення студенток часто стають ретро образи  перевтілення у моду минулих років  саме такою і стала колекція  femme fatale   що втілює усі риси епохи джазу та таємничості жінки  джерелом інспірацій колекції  аурелія  тетяни босої  стали форми та кольори медуз  їх прозорість  плавність рухів та легкість  вечірні сукні виготовлені з прозорих та напівпрозорих тканин рожевого  персикового та блакитного кольорів  захоплюють своєю ніжністю  створюють ефект плавності та м якості  імітують красу підводного світу  дякуємо організаторам за запрошення та співпрацю  інформацію надано кафедрою технологічної та професійної освіти фотоматеріали надано медіалабораторією цду ім  в  винниченка  шепіт   ",5,3,-2
147,"  квітня      року на кафедрі математики та методики її навчання відбулося відкрите засідання фахового семінару з прикладної математики  на семінарі відбулася публічна презентація результатів дисертаційного дослідження випускниці аспірантури за спеціальністю     прикладна математика діани сергіївни харченко на тему  моделювання хвильових процесів в тришаровій гідродинамічній системі   на семінарі були присутні  науковий керівник   кандидат технічних наук  доцент в в нарадовий  доктор фізико математичних наук  професор а м плічко  кандидат фізико математичних наук  доцент ю в гуртовий  доктор фізико математичних наук  професор о в авраменко  доктор технічних наук  професор о с лимарченко  доктор технічних наук  професор з ю філер  доктор педагогічних наук  доцент ю в ботузова  доктор економічних наук  професор в а панченко  кандидат фізико математичних наук  доцент з п халецька  кандидат фізико математичних наук  доцент о п макарчук  доктор філософії зі спеціальності     прикладна математика м в луньова  д с харченко представила математичну модель задачі поширення внутрішніх хвиль у тришаровій гідродинамічній системі  шар із твердим дном   шар   шар із кришкою   дисертанткою окреслено загальний стан дослідження проблеми та обґрунтовано актуальність  визначено мету та завдання  також було виконано процедуру обезрозмірювання та отримано постановку проблеми у безрозмірному вигляді  продемонстровано застосування методу багатомасштабних розвинень для отримання перших трьох лінійних задач  д с харченко були отримані нові аналітичні та графічні результати  зокрема  розв язки перших двох лінійних задач  дисперсійне рівняння для першого наближення  яке має дві пари коренів  еволюційні рівняння обвідних хвильових пакетів  частина розв язків третього наближення  результати із дослідження модуляційної стійкості  поведінки відношень амплітуд для перших двох наближень  форми хвильових пакетів  потоку енергії та резонансу хвильового руху  графічні й аналітичні результати дисертаційного дослідження були отримані за допомогою пакету символьних обчислень maple  діана харченко успішно відповіла на поставлені питання  під час обговорення результатів дослідження були висловлені такі думки з приводу дисертації  зокрема  науковий керівник кандидат технічних наук  доцент в в нарадовий відзначив  що під час проведення дослідження д с харченко була наполегливою та працелюбною  завжди виконувала завдання і вкладалася в поставлені терміни  представлені результати отримали високу оцінку рецензентів  доктор фізико математичних наук  професор а м плічко звернув увагу на високий рівень достовірності отриманих результатів і можливості їхнього застосування при дослідженні подібних стратифікованих ділянок світового океану  також  професор відзначив  що досліджувана модель охоплює широкий клас задач  пов язаних із розвитком теорії нелінійних хвиль та вивченням поведінки хвиль в океані  на думку а м плічка  дисертація є завершеним системним дослідженням з елементами наукової новизни  наукова робота оформлена з дотриманням вимог міністерства освіти і науки україни і може бути рекомендована до захисту на здобуття ступеня доктора філософії  кандидат фізико математичних наук  доцент ю в гуртовий повідомив  що схожі з досліджуваною моделлю стратифікації трапляються в реальності  відмітив наукову новизну поданих результатів  аналітичну складність та громіздкість задачі  ю в гуртовий також рекомендував дисертацію до захисту  під час обговорення результатів присутніми були висловлені деякі технічні поради та загальне враження від проведеного дослідження  зокрема  доктор технічних наук  професор о с лимарченко зазначив  що робота виконана на актуальну тему сучасними засобами  перевагою роботи є використання комп ютера як засобу поглиблення аналітичних прийомів  олег степанович висловив думку  що наукове дослідження є завершеним  яке заслуговує на підтримку  доктор фізико математичних наук  професор о в авраменко відмітила високий рівень кваліфікації користування математичним пакетом maple  зробила висновок  що дисертація може бути рекомендована до захисту  в результаті засідання семінару було прийнято рішення рекомендувати дисертацію д с харченко на тему  моделювання хвильових процесів в тришаровій гідродинамічній системі  до захисту на здобуття ступеня доктора філософії у разовій спеціалізованій вченій раді за спеціальністю     прикладна математика  бажаємо діані успіхів   ",0,1,1
148,"за навчальним планом магістри математики протягом   тижнів   з    лютого по    березня      року   виконували завдання виробничої педагогічної практики відповідно до функцій вчителя математики та інформатики  за потреби функції класного керівника учнівського колективу  через воєнний стан в україні практика відбувалася у змішаному форматі  що зумовило суттєві зміни у змісті та структурі завдань  які студенти мали виконати  проте сучасні інформаційні технології  високий рівень підготовки студентів та велике бажання студентів самоудосконалюватися зумовили успішне виконання усіх завдань практики  підсумкову конференцію щодо результатів виробничої педагогічної практики магістрантів математиків i курсу розпочала керівниця практики л і яременко  доцентка кафедри математики і методики її навчання  людмила іванівна насамперед привітала студентів і методистів з математики та інформатики з успішним завершенням практики та оголосила план роботи конференції  далі людмила іванівна проаналізувала умови практики  виконання поставлених завдань та надала слово студентам  які радо поділилися власними напрацюваннями під час педагогічної практики  першим виступив ярослав в ячеславович левицький з доповіддю на тему   інтенсифікація математичної підготовки обдарованих школярів кіровоградщини   ірина олександрівна леськів розповіла про основи формування стійкого інтересу старшокласників до інформатики у процесі позакласної роботи з фаху  марія олексіївна величко проаналізувала застосування різноманітних методів та форм роботи на уроках математики та інформатики  тетяна олегівна попруга схарактеризувала особливості вивчення інформатики в старшій школі  у процесі обговорення запропонованих у доповідях студентів тем єлизавета андріївна захватихата прокоментувала теоретичні основи та проведення позакласного заходу з математики на тему   об єми тіл обертання   наступним етапом підсумкової конференції стали виступи методистів практики з математики та інформатики  усі методисти практики одностайно схвалили діяльність студентів під час практики  відзначили їхню сумлінність і відповідальність при виконанні завдань у надскладних умовах сьогодні  окрім того  методист практики з інформатики ірина володимирівна лупан продемонструвала колаж з фото за результатами практики  студенти математики факультету математики  природничих наук та технологій в черговий раз показали високий рівень знань  вміння працювати самостійно  вмотивованість до освітянської діяльності  здатність створювати нове та обґрунтовувати власні ідеї  зарекомендували себе як обізнану  активну  цілеспрямовану молодь  яка прагне до таких перетворень в освіті та суспільстві  які б надали молодій людині перспективи розвитку  наші студенти вкотре довели  що є інтелектуальним осередком не тільки в кіровоградській області  а й далеко за її межами  бажаємо нашим чудовим студентам математикам подальших успіхів та нових досягнень на освітянській ниві  інформацію надано кафедрою математики  природничих наук та технологій   ",2,1,-1
149,"   березня      року на факультеті математики  природничих наук та технологій відбулася звітна онлайн конференція з виробничої педагогічної практики  на якій студенти   курсу групи хб  б і пн  б спеціальностей      середня освіта  хімія   та      середня освіта  природничі науки   презентували свої результати проходження практики  здобувачі освіти гідно представили матеріали практики  висловили свої враження  продемонстрували практичні уміння та навички роботи з учнями  обмінялися набутим досвідом  обговорили труднощі та проблемні моменти  які виникали у процесі роботи  здійснили самооцінку щодо сформованості професійної компетентності та готовності працювати з учнями в складних  непередбачуваних умовах сьогодення  під час звітної конференції студенти демонстрували яскраві звітні презентації  фото  та відеофрагменти  результати проходження практики студентів заслухали методисти та керівники практик  докт  істор  наук  проф  г в дефорж  докт  пед  наук  проф  о м трифонова  канд  пед  наук  доц  т о кравцова  канд  психол  наук  доц  с к мельничук  канд  пед  наук  доц  т о форостовська  методисти та керівники привітали студентів із завершенням практики  наголосили на позитивних моментах  подані матеріали з виробничої педагогічної практики засвідчили  що студенти відповідально поставилися до виконання завдань передбачених програмою практики  провели діагностичні методичні дослідження для курсових робіт  усі студенти практиканти відмітили те  що практика допомогла їм поглибити та зміцнити теоретичні знання і практичні вміння  отримати певний професійний досвід  студенти наголосили на тому  що практика була дуже корисною  тому що вона сприяла формуванню і закріпленню інтересу до професії вчителя  а також формуванню педагогічних здібностей  практика посприяла вихованню професійно значущих  інтелектуальних  моральних  естетичних  рефлексивних якостей  усвідомлення необхідності в самоосвіті  вироблення творчого підходу до навчально методичної роботи  розуміння потреби самовиховання та підвищення кваліфікації  студенти випробували себе у ролі вчителя  відчули переваги педагогічної професії  визначили власні професійні інтереси  переконались у психологічній готовності до педагогічної діяльності  на практиці показали здобуті в університеті теоретичні знання  а також поліпшили організаторські здібності та вміння  виробнича педагогічна практика  як завершальний етап теоретичної і практичної підготовки студентів  показала рівень та якість професійних знань  сформованих упродовж   років навчання  набутих фахових умінь та навичок  інформацію надано кафедрою природничих наук і методик їхнього навчання  ",0,1,1
151,"захід  цікава фізика  має на меті популяризувати фізику серед учнів за допомогою серії цікавих дослідів  експерименти підібрані таким чином  щоб охопити максимальну кількість розділів фізики вивчених учнями  відповідно  учасники мають відчути  що отримані ними знання про фізичні явища дійсно виконуються у житті    у програмі  майстер класи справжні експерименти виставки виступи науковців поспішайте  кількість учасників обмежена  до зустрічі на факультеті   ",1,1,0
153,"  квітня у рамках базового етапу профорієнтаційної роботи доценти кафедри інформатики та інформаційних технологій а в  пузікова  гарант оп  комп ютерні науки  та о в присяжнюк  гарант оп  інформаційні системи та технології  штучний інтелект  з метою заохочення старшокласників до вступу в цду імені володимира винниченка  провели онлайн зустріч з учнями знам янської загальноосвітньої школи і ііі ступенів    знам янської міської ради кіровоградської області  в рамках заходу викладачки ознайомили учнів з тим  що зво змінив свій статус з педагогічного на класичний  презентували їм факультет математики  природничих наук та технологій та розповіли  зокрема  про освітньо професійні програми кафедри інформатики та інформаційних технологій  учні довідалася про майбутні кар єрні перспективи і кваліфікацію  яку вони здобудуть після завершення навчання за іт спеціальностями  поза тим  говорилось про освітній процес  студентське самоврядування та життя у нашому закладі вищої освіти  для випускників була підготовлена презентація та залишено електронні реквізити  велика подяка директорці знам янської загальноосвітньої школи і ііі ступенів    світлані геннадіївні бриковій за освітній майданчик та доброзичливу атмосферу  сподіваємось побачити випускників серед студентів цду уже цього вересня  підготувала доцент о в присяжнюк  ",0,1,1
154,"   квітня      року на факультеті математики  природничих наук та технологій відбулася гостьова лекція на тему  перспективи використання штучного інтелекту в освіті  від терещука сергія івановича  доктора педагогічних наук  доцента  професора кафедри фізики та інтегративних технологій навчання природничих наук уманського державного педагогічного університету імені павла тичини  зустріч модерувала оксана віталіївна абрамова  кандидат педагогічних наук  доцент кафедри технологічної та професійної освіти центральноукраїнського державного університету імені володимира винниченка  на лекції були присутні студенти спеціальностей     середня освіта  трудове навчання та технології       середня освіта  природничі науки       професійна освіта  цифрові технології       професійна освіта  технологія виробів легкої промисловості  та викладачі факультету математики  природничих наук та технологій  д  пед  наук  професор микола ілліч садовий  д  пед  наук  професор олена михайлівна трифонова  к  пед  наук  доцент світлана олександрівна шлянчак  к  пед  наук  доцент ольга василівна пуляк  к  пед  наук  доцент сергій олексійович кононенко  к  тех  наук  доцент сергій іванович рябець  к  пед  наук  доцент олександр миколайович царенко  к  пед  наук  доцент наталя василівна мироненко  к  пед  наук  ст  викладач олександр миколайович щирбул  к  пед  наук  ст  викладач дмитро вікторович соменко  ст  викладач тетяна володимирівна куценко та інші  лекція сергія івановича складалася із таких основних частин  штучний інтелект як технологія  найбільш відомі застосунки ші  прогнози розвитку освіти з використанням ші  практична складова застосування ші  реєстрація  алгоритми користування  можливості   а також корисні поради щодо роботи із застосунками ші  лекція викликала інтерес у слухачів та жваві дискусії  викладачі та студенти ставили багато запитань та обговорювали різні аспекти питань з теми доповіді  викладачі та студенти висловлюють щиру вдячність сергію терещуку за розкриття актуальної та змістовної тематики   ",0,2,2
156,"  квітня      року доцентка абрамова оксана віталіївна провела гостьову лекціюна тему  технологічна освітня галузь у новій українській школі  для здобувачів вищої освіти хмельницького національного університету  що навчаються за освітньо професійною програмою  середня освіта  трудове навчання та технології  інформатика   зустріч модерували завідувачка кафедри технологічної та професійної освіти і декоративного мистецтва  доктор педагогічних наук  професор андрощук ірина василівна та доктор педагогічних наук  професор андрощук ігор петрович  о  абрамова є співрозробницею державного стандарту технологічної освітньої галузі  членкинею авторського колективу модельної програми для     класів за держстандартом нуш  то ж головними темами  які розглядалися під час лекції стали питання трансформації освіти у загальноєвропейський простір  загальні підходи до створення освітнього середовища як провідної цінності державного стандарту базової середньої освіти         специфіка роботи вчителя з модельними та навчальними програмами з технологічної галузі оцінювання навчальних досягнень учнів на уроках технологій у новій українській школі  під час подальшоїдискусіїстуденти та викладачімализмогуобговорити питання оновлених підходів до освітнього процесу та проблеми готовності педагога до інноваційних процесів  присутні жваво обговорювали актуальні питання та висловлювали власні думки у дружній обстановці  стаття про гостьову лекцію на сайті кафедри технологічної та професійної освіти і декоративного мистецтва хмельницького національного університету інформацію надано кафедрою технологічної та професійної освіти  ",1,0,-1
157,"на кафедрі технологічної та професійної освіти університету    квітня      р  відбулася гостьова лекція стейкхолдера олени горобець  директора комунального закладу  кропивницький міжшкільний ресурсний центр      кропивницької міської ради  на тему   інноваційний освітній простір із трудового навчання та технологій   з великою зацікавленістю олену валеріївну слухали викладачі та студенти спеціальностей         середня освіта  трудове навчання та технології            професійна освіта  технологія виробів легкої промисловості            професійна освіта  цифрові технології    вона розповіла про діяльність нової освітньої структури в україні кропивницького міжшкільного регіонального центру     робота якого ґрунтується на організації проєктної діяльності учнів при роботі з деревиною  металом  пластмасою  виготовленні виробів із тканини  доповідач відмітила велику зацікавленість учнів із вивчення робототехніки  конструювання з наборами legoeducation  виготовлення деталей на  d принтері  виготовлення динамічних іграшок та ін  цікавим напрямком роботи колективу центру є організація роботи учнів у трьох вікових локаціях   зонові майстерні  центр безпеки  кар єрний центр  лекція постійно супроводжувалася демонстраціями роботи учнів у майстернях  як автор модельних програм і підручників з трудового навчання та технологій олена горобець повідомила про перспективи їхнього запровадження у роботу закладів загальної середньої освіти  окремо розкрито волонтерську діяльність викладачів  майстрів із виготовлення замовлень військових  спікер уміло перевила лекцію у жваву дискусію присутніх  у якій взяли участь ольга семенцова   учитель трудового навчання та технологій  тетяна алаабі   директор хмельницького міжшкільного навчально виробничого комбінату  тетяна суріна   методист кабінету профтехосвіти кіровоградської області  микола лісовий   директор новгородківського професійно технічного училища      оксана яценко   викладач центральноукраїнського вищого професійного училища ім  миколи федоровського  тетяна мороз   викладач регіонального центру професійної освітим ім  о с єгорова  студенти та викладачі кафедри технологічної та професійної освіти цду  зустріч була настільки цікавою  що учасники вирішили зібратися знову для обговорення перспектив розвитку трудового навчання та виховання молоді  інформацію підготували доктор педагогічних наук  професор  завідувач кафедри технологічної та професійної освіти микола садовий та доктор педагогічних наук  професор олена трифонова  ",1,0,-1
158,"   березня      року на базі кафедри математики і методики її навчання відбулося чергове засідання науково методичного семінару  актуальні проблеми навчання математики  інформатики та економіки   учасниками семінару були члени кафедри математики і методики її навчання та близько    вчителів математики з різних областей україни  учасників семінару  актуальні проблеми навчання математик  інформатики та економіки  привітала голова засідання семінару завідувачка кафедри математики і методики її навчання  доктор педагогічних наук  доцент кафедри математики і методики її навчання юлія володимирівна ботузова  спікером засідання семінару стала доктор філософії з прикладної математики  старший викладач кафедри математики і методики її навчання марія валентинівна луньова  насамперед м в луньова окреслила та детально охарактеризувала широкий спектр можливостей розв язування прикладних задач в системі комп ютерної алгебри maple  далі спікер розглянула прикладну задачу та продемонструвала комп ютерну реалізацію її розв язання в системі комп ютерної алгебри maple  марія валентинівна узагальнила розглянутий матеріал та продемонструвала схематично алгоритм розв язування прикладних задач та їх комп ютерної реалізації в системі maple  наступна частина виступу була присвячена розгляду усіх етапів розв язування прикладної задачі з громіздкими математичними перетвореннями та демонстрації можливостей реалізації її розв язання в системі комп ютерної алгебри maple  доповідь марії валентинівни луньової викликала жваве обговорення серед учасників семінару  насамкінець були окреслені перспективи застосування системи комп ютерної алгебри maple в шкільній практиці навчання математики  учасники семінару висловили вдячність спікеру сьогоднішнього засідання науково методичного семінару  а голова засідання семінару юлія володимирівна ботузова запросила усіх зацікавлених та бажаючих на наступне засідання науково методичного семінару  актуальні проблеми навчання математики  інформатики та економіки     квітня      року   ",3,0,-3
159,"студент факультету математики  природничих наук та технологій спеціальності професійна освіта  цифрові технології   волонтер кіберполіції денис павлюк нещодавно відвідав кіровоградський медичний фаховий коледж ім  є й мухіна             та кропивницький аграрний фаховий коледж               денис розповів про основні напрямки підготовки фахівців у центральноукраїнському державному університеті імені володимира винниченка  акцентував увагу на тих  які найбільше зацікавили студентів коледжів  також д павлюк розповів про проєкт мрія       активними учасниками якого стали студенти факультету математики  природничих наук та технологій нашого університету  проєкт передбачає використання сучасних технологій у боротьбі з кіберзлочинами  зокрема в інформаційній безпеці та кібербезпеці  спрямування проєктупов язане з боротьбою з пропагандою та залученням небайдужих громадян до співпраці на спільному інформаційному полі бою  під час презентації денис розповів студентам та працівникам закладів освіти про основні загрози в інтернеті та про заходи  які можна приймати для їх запобігання  також було надано практичні поради щодо безпечного використання соціальних мереж  електронної пошти та інших онлайн сервісів наголошено  що кожний охочий може долучитися до боротьби проти спільного ворога  студенти та викладачі коледжів висловили свою вдячність за інформацію та поради  надані волонтером кіберполіції  вони зазначили  що такі презентації є дуже корисними й актуальними в сучаснихумовах  де кіберзлочинність стає все більш поширеною проблемою  проєкт мрія      отримала своє оновлення та почала боротьбу не тільки проти пропаганди  а націлює на очищення інформаційного простору з метою знищення осередків пропаганди  шахрайства  булінгу та інших видів кіберзлочинів  допроєкту доданодва нових ресурси щодопомагають перевірити осіб на шахрайство  які телефонують або відправляють вам лист на пошту  долучитися до проєкту та використовувати офіційні сервіси від кіберполіції може кожен охочий  для цього потрібно зайти на офіційний сайт проєкту  мрія  https   mriya social  також залишаємо посилання на головний інструментарій проекту  https   t me  ebxzhbfhxbszy i  згодом серія таких заходів відбулася у закладах освіти  комунальний заклад  гімназія імені олени журливої кропивницької міської ради   учні      класів     березня      року   комунальний заклад  академічна гімназія кропивницької міської ради   учні       класів     березня      року   комунальний заклад  ліцей  центральний  кропивницької міської ради      березня      року для учнів       класів пройшов захід  який зайняв весь час уроку  після чого адміністрація попросила провести такий захід ще для   класів  але посередині заходу почалась повітряна тривога  це вперше коли денис провів захід вже в укриті  кіровоградський медичний фаховий коледж імені є й  мухіна  студенти другого курсу     березня      року   школа      селища нового     березня      року  новим досвідом для дениса був захід для батьків у комунальному закладі  гімназія імені олени журливої кропивницької міської ради      березня      року   саму тут разом із патрульною поліцією денис пояснював про безпеку дітей та їх батьків в інтернеті  також на заході біли присутні працівники дснс  які розповідали про вибухонебезпечні прилади  комунальний заклад  кущівська гімназія міської ради міста кропивницького  учнями       класів    березня      року  ліцей  максимум  кропивницької міської ради  учнями   класу    березня      року  кропивницький навчально реабілітаційний центр кропивницької міської ради   учнями       класів    березня      року  комунальний заклад  навчально виховне об єднання  мрія  кіровоградської міської ради кіровоградської області    для учнів    класів захід відбувся онлайн    березня      року     березня відбувся онлайн захід вже для учнів    х класів  наближаємо перемогу разом  інформацію підготував студент групи цт  б денис павлюк  ",0,2,2
161,"   березня відбулася підсумкова конференція за результатами педагогічної практики студентів групи мі  б  спеціальність      середня освіта  математика   освітня програма  середня освіта  математика та інформатика    упродовж   тижнів майбутні педагоги вдосконалювали свої знання та вміння в школах кіровоградської  миколаївської та львівської областей  реалізовували функції вчителя математики  інформатики та помічника класного керівника  а також виконували завдання з методики навчання математики  методики навчання інформатики  педагогіки та психології  роботою студентів керували методисти з математики проф  р я ріжняк  доц  н м войналович  доц  і г ключник  з інформатики доц  о в рєзіна  з педагогіки доц  і п краснощок  з психології доц  с к мельничук  студенти з гідністю пройшли випробування  яке їм підготувала сучасна школа  та вчасно здали якісно підготовлену звітну документацію  тож на підсумковій конференції студентам було чим звітувати  у своїх виступах наші майбутні колеги піднімали нагальні проблеми сучасної школи  особливості роботи в нуш  а лугова  с лукашова   робота в умовах змішаної форми навчання  о кривонос  а колга   національно патріотичне виховання учнів  а устенко  к уманець   вплив сім ї на формування особистості учня  д ломакіна  к сотник   кожен виступ супроводжувався жвавим обговоренням  до якого долучались як студенти  так і методисти  анастасія володимирівна устенко  вчитель математики синьковицької гімназії рава руської міської ради львівського району львівської області  й анастасія володимирівна лугова  вчитель математики вознесенської зош і ііі ступенів    вознесенської міської ради миколаївської області  проходили практику за місцем працевлаштування  вони поділилися з присутніми власними напрацюваннями  тож відбувся обмін практичним досвідом між викладачами вчителями та студентами  змістовні дискусії  аргументовані виступи студентів  компетентні зауваження методистів під час зустрічі свідчать про неформальний підхід до виконання завдань практики  у підсумку проф  р я ріжняк зазначив   приємно бачити результати нашої спільної роботи  в україни є майбутнє   викладачі щиро дякують студентам за змістовну конференцію  бажають успіхів та наснаги в процесі вдосконалення педагогічної майстерності  повідомлення підготувала доцент кафедри математики та методики її навчання н м войналович   ",3,1,-2
163,"в сучасному інформаційному світі все частіше доводиться зіштовхуватися з таким поняттям  як  інтелектуальна власність   ключовою складовою інтелектуальної власності виступає авторське право  що таке авторське право  навіщо воно науковцю  що потрібно для отримання авторського права на науковий твір  ці та інші питання стали предметом обговорення на зустрічі викладачів кафедри природничих наук і методик їхнього навчання з катериною євгенівною трошкіною  спеціалістом з інтелектуальної власності  кандидатом юридичних наук  доцентом кафедри права та правоохоронної діяльності  катерина євгенівна дуже професійно і доступно розкрила для присутніх сутність самого поняття  авторське право   ознайомила з певними положеннями чинного законодавства україни в цій галузі та пояснила усі нюанси оформлення авторських прав твори науковцями  звернула увагу на деталі оформлення колективних наукових праць  після невеликої ознайомчої доповіді  викладачі задали дуже багато питань  що говорить про зацікавленість даною темою  дуже дякуємо катерині євгенівні за повні і змістовні відповіді та поради  у підсумку домовились продовжувати співпрацю в цьому напрямі   ",1,0,-1
164,"   березня      року на факультеті математики  природничих наук та технологій відбулися збори студентів   курсу  на зборах обговорювалися актуальні питання щодо організації державної атестації та майбутнього вступу до магістратури  декан факультету д пед н  тетяна володимирівна фурсикова наголосила увагу   курсників на важливості того етапу життя  в який вони зараз вступають  адже їм необхідно буде презентувати під час державної атестації ті знання  які вони здобули на рівні бакалавра  а далі зробити вибір щодо вступу до магістратури  далі перед студентами виступила представник психологічної служби цду   практичний психолог оксана миколаївна гурова  яка наголосила  що це нормально  коли студенти   курсники відчувають стурбованість  ці відчуття викликані ситуацією стресу  що пов язано з війною та пандемією  а також необхідністю приймати рішення   що робити далі   оксана миколаївна зазначила  що думка   я можу повернутися до навчання в магістратурі в будь який час  є хибною  адже  чим довше ми відкладаємо процес навчання  тим складніше прийняти рішення про продовження навчання  але ж після перемоги україни відкриються перспективи подальшого професійного становлення і дуже добре  якщо на цей момент вже буде диплом магістра  оксана миколаївна запросила всіх охочих поспілкуватися індивідуально до психологічної служби цду  ауд         поверховий корпус   з нашими студентами поспілкувалася і юлія миколаївна верещак   заступник декана факультету української філології  іноземних мов та соціальних комунікацій  викладач кафедри перекладу  прикладної та загальної лінгвістики  керівник мовного центру університету  вона наголосила  що невід ємною умовою цьогорічного вступу до магістратури є складання єві з іноземної мови  юлія миколаївна ознайомила студентів з родзинками тестових завдань  що виносяться на єві  тексти з множинним вибором  завдання на заповнення пропусків у реченнях  завдання на встановлення відповідностей тощо   за час  який залишився до єві  ще можна підготуватися до його складання  курси  які організовує мовний центр університету  забезпечують складання єві на бажаному рівні  особливістю курсів є гнучкий графік навчання та індивідуальний підхід до кожного студента  після цього перед студентами виступили завідувачі кафедр  які презентували наявні на факультеті магістерські програми підготовки     освітні  педагогічні науки  освітні вимірювання  гендерні студії  науковий аспект     організація освітнього процесу  управління та експертиза    середня освіта  математика  інформатика та економіка     середня освіта  фізика та астрономія  stem освіта     середня освіта  географія та краєзнавчо туристична робота    середня освіта  хімія  біологія та здоров я людини     середня освіта  природничі науки     середня освіта  трудове навчання та технології     професійна освіта  цифрові технології      управління фінансово економічною безпекою     статистика  фінансова  страхова та комп ютерна статистика      комп ютерні науки факультет математики  природничих наук та технологій готовий запропонувати цікаву програму підготовки за зазначеними освітніми програмами  а вибір робити вам  шановні студенти  інформацію підготувала заступник декана о м трифонова  ",1,0,-1
165,"обладнання для громадського моніторингу якості атмосферного повітря airfreshmax центральноукраїнському державному університету імені володимира винниченка подарувала громадська організація  флора   цей прилад підключений до мережі інтернет сайту eco city org ua та дає змогу у режимі реального часу відслідковувати десять показників якості повітря  пил рм     пил рм    температура  вологість  атмосферний тиск  приземний озон  аміак  діоксид азоту  монооксид вуглецю  гамма радіації фоновий рівень  та порівнювати їх з показниками інших станцій мережі  обладнання для моніторингу якості атмосферного повітря буде використовуватися у підготовці студентів  які навчаються на освітніх програмах середня освіта  географія  та краєзнавчо туристична робота  середня освіта  географія та мова і література  англійська    туризм  середня освіта  природничі науки   середня освіта  хімія  біологія та здоров я людини  тощо  зокрема  приладом будуть користуватися студенти при вивченні  метеорології та кліматології    фізичної географії україни    геоекології  та інших дисциплін  також це обладнання дозволяє проводити безперервний моніторинг атмосферного повітря  вивчати добову та сезонну динаміку  закономірності територіальних відмінностей показників та використовувати їх для наукових досліджень студентів та викладачів  такий цінний подарунок є результатом багаторічної співпраці доцента кафедри природничих наук та методик їхнього навчання  кандидата географічних наук ольги гелевери з громадською організацією  флора   отримане обладнання сприятиме подальшим дослідженням та громадському контролю якості атмосферного повітря у місті кропивницькому та загалом україни  дізнатися про якість атмосферного повітря можна за покликанням  https   eco city org ua  zoom    lat           lng           station      random          ",3,1,-2
166,"в україні зростає популярність неформальної онлайн освіти  яка стає все більш доступною для викладачів  здобувачів освіти  наразі  існують безкоштовні онлайн курси з різноманітною тематикою та напрямками на освітніх платформах  таких як prometheus  edera  вум  та інші  інститут модернізації змісту освіти також пропонує якісні та актуальні тематики семінарів  курсів та тренінгів  із    лютого по   березня      року відділ stem освіти державної наукової установи  інститут модернізації змісту освіти  спільно із державним закладом вищої освіти  університет менеджменту освіти  провели навчання за освітньою програмою  stem школа         у дистанційному форматі  учасники ознайомилися із науково теоретичними аспектами розвитку stem освіти  навичок системного аналізу та інноваційної діяльності  визначення оптимальних шляхів створення сучасного stem середовища тощо  таке навчання є корисним як для викладачів  так і для студентів  які готуються до педагогічної діяльності в умовах сучасної державної освітньої політики  концепції нової української школи та стратегії реформування освіти в україні  викладачі кафедри технологічної та професійної освіти  кандидат педагогічних наук  доцент абрамова оксана віталіївна  кандидат педагогічних наук  доцент мироненко наталя василівна  кандидат педагогічних наук  доцент пуляк ольга василівна та студенти спеціальності  середня освіта  трудове навчання та технології   берегуленко єлизавета та приходько ірина долучилися до навчання  успішно засвоїли програму курсу  склали підсумковий тест та отримали сертифікати підвищення кваліфікації  стажування  на    годин    кредит єктс   які засвідчили підвищення методичного та практичного рівнів професійної компетентності слухачів курсу  в березні цього року інститутом модернізації змісту освіти було запропоновано підвищення кваліфікації для педагогічних працівників та психологів  перша психологічна допомога під час та після війни  та практичний тренінг  перша психологічна допомога та емоційна підтримка здобувачів освітнього процесу та їх батьків  опікунів під час та після завершення воєнних дій на території україни   кандидат педагогічних наук  доцент пуляк ольга василівна скористалася такою можливістю опанування навичок та техніки першої психологічної допомоги й емоційної підтримки від міжнародних експертів для застосування під час освітнього процесу  після виконання завдань курсу та участі у практичному тренінгу отримала свідоцтво підвищення кваліфікації на    годин    кредит єктс   на засіданні кафедри            р  викладачі о в  абрамова  н в  мироненко  о в  пуляк прозвітували про підвищення кваліфікації  стажування   окреслили актуальність вивчення розглянутих питань у технологічній освітній галузі  під час обговорення о в  абрамова повідомила   за час стажування було виконано всі поставлені завдання  ознайомилися із концептуальними засадами розвитку stem освіти в україні  станом її впровадження  стратегією та перспективами  вивчали методичні засади організації освітнього процесу з питань stem освіти  досліджували ціннісно компетентністні підходи розвитку професійної діяльності stem педагога  за результатами підвищення кваліфікації було підготовлено статтю  у співавторстві   перспективи розвитку stem освіти  інтеграція в освіті   оновлено зміст лекційних занять із навчальних дисциплін  сучасні освітні технології у викладанні трудового навчання та технологій  та  основи інтеграції у проєктній діяльності   для оновлення курсів лекцій та практичних завдань застосовувалися розглянуті під час стажування теми  сучасні методи та прийоми у проєктній stem діяльності  реалізація steam проєктів   важлива складова ефективного навчання в умовах сьогодення  stem як інтегруюча основа системи навчання  інтеграція   можливість чи загроза  діяльнісний підхід у навчанні stem тощо  за успішне проходження курсу підвищення кваліфікації студентами спеціальності  трудове навчання   пропонується зарахувати по    балів за опанування теми про stem освіту з навчальної дисципліни  сучасні освітні технології у викладанні трудового навчання та технологій   що передбачено у робочій програмі навчального курсу   н в  мироненко виклала результати стажування  підвищення кваліфікації    курс stem освіти  повною мірою розкрив питання практичного застосування наукових знань та технічних рішень в реальному житті з використанням stem технологій  застосування яких є поширеним у проєктній діяльності  тому питання  що розглядалися під час стажування  створення stem середовища для проєктної діяльності  проєктна діяльність  від теорії до практики  створення навчальних stem проєктів  будуть корисними при оновленні навчальної дисципліни  основи проєктування та моделювання   о в  пуляк  звітуючи про результати підвищення кваліфікації  зауважила   в умовах сьогодення  формати дистанційних курсів є найбільш оптимальними для ознайомлення із провідним педагогічним досвідом вчителів  професіоналів практиків  науковців та експертів галузі й відкривають широкі можливості для студентів і викладачів  під час стажування ми ознайомилися із презентаційними матеріалами досвідчених науковців та педагогів  які розглядали актуальні питання галузі  що допоможуть в оновленні навчальних курсів для студентів  зокрема  лекцій з навчальної дисципліни  управління персоналом   інструменти стратегічного управління закладом  шляхи убезпечення від нераціонального використання життєвої енергії в міжособистісному спілкуванні  розвиток необхідних професійних та інженерних компетентностей за допомогою елементів stem освіти тощо   навчальної дисципліни  event заходи в галузі   формування позитивного іміджу освітнього закладу засобами конкурсних програм  stem навчання для розвитку інженерно технічного мислення та формування творчої особистості  використання ціннісного потенціалу фестивалю  моя stem ідея  тощо   розглянуті під час стажування питання  зокрема  сучасні цифрові технології в освітньому процесі та розвиток цифрової компетентності педагога  можна в цілому застосовувати у вдосконаленні освітнього процесу зво  щодо підвищення кваліфікації з першої психологічної допомоги  наразі дуже важливим є навчити майбутнього педагога визначати прояви стресу у дитини  володіти інструментами психологічної підтримки внутрішньо переміщених учнів  та мати розвинуті навички неформальної взаємодії з учнями  це стажування сприятиме оновленню навчальної дисципліни  цивільний захист    завідувач кафедри технологічної та професійної освіти факультету математики  природничих наук та технологій нашого університету  доктор педагогічних наук  професор садовий микола ілліч висловився  що питання stem освіти насьогодні є надзвичайно актуальними та повинні розглядатися на різних навчальних дисциплінах у різних аспектах  він звернувся до членів кафедри із пропозицією затвердити викладачам результати підвищення кваліфікації  стажування   stem школа         і  перша психологічна допомога під час та після війни   на засіданні кафедри прийняли рішення поширювати таку практику і надалі  викладачам кафедри систематично інформувати про подібні можливості студентів через вайбер групи  програма підвищення кваліфікації інформацію надано кафедрою технологічної та професійної освіти  ",8,1,-7
167,"   березня у рамках базового етапу профорієнтаційної роботи завідувачка кафедри інформатики та інформаційних технологій с о  шлянчак з метою популяризації інформаційних технологій  а також заохочення нинішніх школярів до вступу в центральноукраїнський державний університет імені володимира винниченка  провела зустріч з учнями кз  центральноукраїнський науковий ліцей інтернат кіровоградської обласної ради   в рамках зустрічі світлана олександрівна розповіла учням про те  що зво змінив свій статус з педагогічного на класичний  ознайомила зі спеціальностями нашого університету  зокрема факультету математики  природничих наук та технологій  учні цікавились питаннями організації освітнього процесу  студентського самоврядування та дозвілля в цду  для випускників була підготовлена презентація та інформаційні буклети  учні мали змогу познайомитись із особливостями вступу та навчання за освітньо професійними програмами  інформатика та робототехніка    комп ютерні науки  та  інформаційні системи та технології  штучний інтелект    сподіваємось побачити випускників ліцею серед студентів цду уже цього вересня  за інформацією завідувачки кафедри інформатики та іт с о шлянчак  ",0,1,1
168,"сучасна ситуація в україні зорієнтовує учасників освітнього процесу на формування нових якостей  які можуть забезпечити збереження фізичного  психічного і ментального здоров я й адаптацію до стресових ситуацій  засвоєння нових навичок надання першої психологічної допомоги     березня      року студенти факультету математики  природничих наук та технологій разом зі студентами мистецьких спеціальностей факультету педагогіки  психології та мистецтв й викладачкою кафедри технологічної та професійної о в  пуляк відвідали центр арттерапевтичної допомоги  ресурс   під час заходу керівниця центру психолог  арт терапевт  кандидат психологічних наук наталя цумарєва розповіла присутнім про  організацію та її місію центру під час війни  основні методи арттерапії та особливостями її використання в стресових ситуаціях  навела практичні кейси та поділилася досвідом надання психологічної допомоги постраждалим  провела практичний тренінг з присутніми   ми допоможемо впоратися з негативними наслідками стресу та психологічних травм    зауважила пані наталя  студенти та викладачка о в пуляк отримали позитивні емоції від спілкування  корисні знання і практичні навички  психологічний ресурс та приємні подарунки  співробітники центру запропонували студентами різні форми подальшої співпраці  дякуємо фахівцям центру арттерапевтичної допомоги  ресурс  та всім психологам україни за їх роботу  інформацію підготувала о в пуляк  доцент кафедри технологічної та професійної освіти   ",2,1,-1
169,"ще у минулому      р  кафедра інформатики та інформаційних технологій центральноукраїнського державного університету імені володимира винниченка отримала ліцензію на провадження освітньої діяльності з підвищення кваліфікації педагогічних працівників за спеціальністю     середня освіта  інформатика   освітня програма  професійний розвиток вчителя інформатики  передбачає навчання за декількома модулями  так  восени курсанти підвищували кваліфікацію за модулем  програмування мовою python   а взимку   за модулем  комп ютерна графіка   на червень формується група слухачів на підвищення кваліфікації за модулем  бази даних   завдання модуля   розкрити сучасні підходи до проектування баз даних  поняття нормалізації баз даних  удосконалити навички формування запитів засобами мови sql  ознайомитися з типами олімпіадних задач з базами даних та способами їх розв язування  ознайомитися з nosql базами даних  графовими  стовпцевими  документоорієнтованими  змістовий компонент модуля охоплює теми  життєвий цикл бази даних  концептуальне проекту ван ня бази даних логічне проектування бази даних  нормалізація  мова sql  реляційна алгебра кодда  запити мовою sql  проекція  селекція  комбінування умов з допомогою операторів and  or  not  порівняння за шаблоном  порівняння з діапазоном  перевірка належності множині  задачі з базами даних в шкільних олімпіадах  nosql бд  графові  стовпцеві  документоорієнтовані  навчання за модулем  бази даних  проводить кандидат фізико математичних наук  доцент  член журі ііі го  обласного  етапу учнівської олімпіади з інформаційних технологій анна валентинівна пузікова  зареєструватись на навчання можна на сайті університету у розділі підвищення кваліфікації   ",1,1,0
170,"одним зі шляхів співпраці академічних спільнот є проведення спільних наукових заходів  що сприяє обміну досвідом  обговоренню актуальних проблем  вирішенню відкритих питань  реалізації науково методичних розробок  наукових досліджень у своїх галузях  поширенню наукових знань  завдяки такій співпраці науково педагогічні працівники мають можливість підвищувати кваліфікацію  розвивати свої наукові та професійні навички  оновлювати зміст навчальних дисциплін тощо        березня пройшла іiі міжнародна науково практична конференція  сучасна наука та освіта  стан  проблеми  перспективи   організатором заходу виступили навчально науковий інститут торгівлі  обслуговуючих технологій та туризму дз  луганського національного університету імені тараса шевченка  спільно з директоратом науки та інновацій міністерства освіти і науки україни  інститутом модернізації змісту освіти  інститутом професійно технічної освіти напн україни  співорганізаторами конференції стали заклади освіти з різних регіонів україни  грузії  польщі  словаччини  болгарії  іспанії  чехії  мексики  серед інших  до співорганізації конференції долучилася кафедра технологічної та професійної освіти нашого університету  науковий форум відбувся у дистанційному форматі за допомогою платформи  google meet   до заходу долучилися партнери та іноземні гості  участь в онлайн конференції взяли    науковців  загальна кількість   понад      всього надісланих тез близько      до програмного комітету конференції увійшов завідувач кафедри технологічної та професійної освіти факультету математики  природничих наук та технологій нашого університету  доктор педагогічних наук  професор садовий микола ілліч  який виступив із вітальним словом до міжнародних та вітчизняних партнерів  організаторів  учасників конференції  після урочистого відкриття наукового заходу  учасники конференції перейшли до пленарного засідання та безпосереднього обговорення наукових проблем  доктор педагогічних наук  доцент чистякова людмила олександрівна виступила із доповіддю  технологія апсайклінг як засіб формування екологічної компетентності      березня в рамках проведення другого дня конференції викладачі кафедри технологічної та професійної освіти долучилися до виступів та обговорень на секційних засіданнях за тематичними напрямами  інновації в системі сучасної освіти та науки  актуальні проблеми розвитку професійної і технологічної освіти  прикладне матеріалознавство та інноваційні технології в галузі транспорту  інноваційні технології аграрного  переробного та харчового виробництв  зокрема  під час роботи секційного засідання  актуальні проблеми розвитку професійної і технологічної освіти   виступила кандидат педагогічних наук  доцент абрамова оксана віталіївна із доповіддю  оцінювання навчальних досягнень учнів на уроках технологій у новій українській школі   до роботи конференції активно долучилися усі викладачі кафедри технологічної та професійної освіти  кандидат педагогічних наук  доцент кононенко сергій олексійович  старший викладач куценко тетяна володимирівна  кандидат педагогічних наук  доцент мироненко наталя василівна  кандидат педагогічних наук  доцент пуляк ольга василівна  кандидат технічних наук  доцент рябець сергій іванович  кандидат педагогічних наук  старший викладач соменко дмитро вікторович  доктор педагогічних наук  кандидат технічних наук  доцент ткачук андрій іванович  професор трифонова олена михайлівна  кандидат педагогічних наук  старший викладач царенко ірина леонтіївна  кандидат педагогічних наук  доцент царенко олександр миколайович  кандидат педагогічних наук  доцент чубар василь васильович  кандидат педагогічних наук  старший викладач щирбул олександр миколайович  та здобувачі спеціальностей середня освіта  трудове навчання та технології   професійна освіта  технології виробів легкої промисловості   професійна освіта  цифрові технології  факультету математики  природничих наук та технологій  губенко владислав  доброван катерина  лисиця анна та інші   викладачі та здобувачі освіти мали можливість збагатити свій досвід та підвищити професійний рівень  презентувати власні наукові роботи перед аудиторією і отримати поради від інших дослідників  ознайомитися із виступами відомих експертів у різних галузях  що сприяє оновленню знань та отриманню нових ідей  сайт конференції  програмний комітет  програма інформацію надано кафедрою технологічної та професійної освіти  ",3,2,-1
172,"           р  відбулося підписання положення про науково освітній альянс  soft skills   навички успішності   серед засновників альянсу є кафедра технологічної та професійної освіти нашого університету  на установчих зборах  під час яких було підписано документ  були присутні члени кафедри технологічної та професійної освіти  що активно долучаються до проведення та участі усіх спільних заходів  завідувач кафедри  доктор педагогічних наук  професор микола ілліч садовий   кандидат педагогічних наук  доцент оксана віталіївна абрамова  кандидат педагогічних наук  доцент ольга василівна пуляк   доктор педагогічних наук  професор олена михайлівна трифонова та інші  створенню альянсу передувала тісна співпраця з іншими засновниками  зокрема  реалізація педагогічного експерименту  формування м яких навичок майбутніх кваліфікованих робітників в освітньому середовищі закладу професійної  професійно технічної  освіти   спільне проведення семінарів  науково практичних конференцій  проведення циклу вебінарів  логістика формування навичок успішності  та інше  до засновників альянсу увійшли  лариса миколаївна сергеєва  завідувач кафедри професійної і вищої освіти дзво  умо  напн україни  ольга володимирівна просіна  завідувач кафедри філософії освіти дорослих дзво  умо  напн україни  микола ілліч садовий  завідувач кафедри технологічної та професійної освіти цду ім  в винниченка  анатолій борисович рацул  завідувач кафедри педагогіки та спеціальної освіти цду ім  в винниченка  людмила олексіївна снєжко  директор  кропивницький професійний ліцей сфери послуг і торгівлі   алла петрівна шолудько  директор нмк пто у кіровоградській області  олеся валентинівна нікішина  директор вищого професійного училища     м  чернівці  світлана миколаївна микитюк  директор нмц пто у чернівецькій області  сергій володимирович сікірніцький  директор  сумське вище професійне училище будівництва і дизайну   наталія юріївна самойленко  директор нмц пто у сумській області  тетяна вікторівна горбачова  директор днз  одеський професійний ліцей сфери послуг пнпу імені к д  ушинського   тетяна олександрівна лазарєва  директор нмц пто в одеській області  ніна григорівна ткаченко  директор днз  регіональний центр професійної освіти швейного виробництва та сфери послуг харківської області   тетяна олександрівна русланова  директор нмц пто у харківській області  катерина борисівна мірошниченко  президент го  всеукраїнська асоціація працівників професійно технічної освіти   науково освітній альянс  soft skills   навички успішності   об єднав учасників  які ставлять на меті вирішення амбітних цілей   колективне об єднання громадян для розвитку науки і професійної освіти  взаємної координації науково дослідної роботи  обміну досвідом та захисту фахових інтересів  економічних  юридичних  соціальних прав своїх членів  у продовженні зустрічі відбулися дискусійні панелі  під час яких учасники альянсу презентували дослідження з питань результатів оцінювання та моніторингу рівня сформованості м яких навичок  визначення теоретичних аспектів організаційно педагогічних умов формування soft skills майбутніх кваліфікованих робітників  наступну зустріч в рамках дискусійних панелей заплановано на    березня      року  вітаємо наші науково педагогічні колективи із початком нового етапу співпраці з закладами і установами освіти та бажаємо спільної результативної праці  нових професійних успіхів  творчих досягнень і нових перемог  інформацію надано кафедрою технологічної та професійної освіти  ",2,2,0
174,"   березня      року відбувся всеукраїнський науково практичний семінар  цифрова компетентність вчителя нової української школи          пошук рішень в період війни    семінар проведений у дистанційній формі  до нього змогли долучитися спеціалісти з усіх куточків нашої країни та обговорити нагальні питання щодо проблем і можливостей цифровізації освітнього простору в умовах воєнних дій  при реєстрації адміністратори зафіксували понад     учасників  що говорить про надзвичайну потребу та актуальність розглянутих питань  кожен із доповідачів поділився своїм досвідом і переживаннями щодо стану освітньої діяльності  також учасники були вдячні організаторам даного заходу за надання надзвичайно потрібної інформації  яка була представлена ґрунтовними фактами  а не абстрактними поняттями  напрями роботи семінару    цифровізація освіти    цифрове навчальне середовище нової української школи у військовий час    цифрова компетентність вчителя    інформаційно комунікаційні технології у професійній освіті та підвищенні кваліфікації вчителя    актуальні проблеми stem освіти  україна та зарубіжжя    дидактичні аспекти використання цифрових засобів навчання у шкільній освіті під час війни    педагогічні інновації  сучасні навчальні практики в україні та за кордоном  учасниками семінару також стали студенти та викладачі центральноукраїнського державного університету імені володимира винниченка  д пед н   проф  м і садовий  д пед н   проф  о м трифонова  студентка другого  магістерського  рівня вищої освіти спеціальності середня освіти  природничі науки  у і канчук  педагогічна спільнота брала активну участь в обговоренні проблем використання цифрових засобів в умовах дистанційного навчання  інформацію підготували студентка групи пн  м у і канчук та д пед н   проф  о м трифонова  ",0,1,1
176,"    березня      року викладачі кафедри технологічної та професійної освіти  завідувач кафедрою професор м і садовий  доценти с і рябець  о м царенко та ін   та студенти факультету математики  природничих наук та технологій цду ім в винниченка взяли активну участь у і всеукраїнській науково практичній конференції  цифрова трансформація освіти і науки   цей захід організовано харківським національним педагогічним університетом імені г с сковороди разом з ду  інститут модернізації змісту освіти   черкаським державним технологічним університетом та полтавським національним педагогічним університетом імені в г короленка під егідою мон україни  з вітальним словом звернулися юрій дмитрович бойчук  доктор педагогічних наук  професор  член кореспондент напн україни  ректор харківського національного педагогічного університету імені г с сковороди та еміль віталійович фауре  доктор технічних наук  професор  проректор з науково дослідної роботи та міжнародних зв язків черкаського державного технологічного університету  на пленарному засіданні виступили представники харківського національного педагогічного університету імені г с сковороди  ректор юрій дмитрович бойчук з доповіддю  підготовка вчителя в умовах викликів  можливості дистанційного навчання   світлана вікторівна бережна   доктор філософських наук  професор  проректор з наукової  інноваційної і міжнародної діяльності   цифровізація науки в зво в умовах воєнного стану    володимир андрійович борисов   кандидат філологічних наук  доцент  проректор з навчально наукової роботи    терміносфера цифрової дидактики  до питання етимології і функціонування    наталія олексіївна борисенко   кандидат педагогічних наук  доцент  проректор з навчально виховної роботи   стратегічні вектори використання цифрових технологій у навчально виховному процесі зво    цікавою була доповідь вікторії ворожбіт горбатюк  доктора педагогічних наук  професора  старшого наукового співробітника науково дослідного інституту вивчення проблем злочинності імені академіка в в сташиса національної академії правових наук україни   правова культура учасників освітнього процесу у контексті цифровізації суспільних відносини    плідна робота продовжилась на секційних засіданнях за напрямами  перспективи розвитку освіти і науки в цифровому суспільстві  цифрова інтеграція науки  освіти і культури  інновації в умовах цифрової трансформації освітнього середовища  актуальні проблеми розвитку цифрових компетентностей і професійного розвитку сучасного педагога  кібербезпека та захист інформації в цифровому просторі  академічна доброчесність у цифровому освітньому просторі  цифровізація соціальної сфери  активним учасником конференції був студент нашого факультету іван рябець  група цт  б  з доповіддю  використання chatgpt в дистанційному навчанні   відбулись цікаві дискусії  обмін думками та досвідом  присутні висловили подяку організаторам конференції  які зважились її провести  враховуючи складну ситуацію в харкові  а започаткованій конференції побажали подальших наукових розвідок та здобутків в умовах всебічної цифровізації суспільства  інформацію надано кафедрою технологічної та професійної освіти  ",1,0,-1
177,"викладачі й студенти імені володимира винниченка мандрують освітніми просторами кіровоградської області  цього разу ми завітали до двнз гайворонський політехнічний фаховий коледж  радо нас зустріли директор коледжу тетяна володимирівна сінета  заступник директора з навчально виховної роботи ірина анатоліївна процюк  студенти спеціальності     економіка  декан фмпнт тетяна володимирівна фурсикова розповіла про спеціальності  за якими здійснюється підготовка на факультеті  цінними для студентів коледжу були відомості про класичні напрями підготовки  про особливості навчання за оп  фінансово економічна безпека    менеджмент  логістика    здобувачі освіти зацікавились кар єрними перспективами саме в галузі економіки та сучасних технологій  на важливості вищої освіти закцентував увагу кирило ігорович панченко  керівник відділу профорієнтації та доуніверситетської підготовки цду  студенти спеціальності     професійна освіта  цифрові технології  денис павлюк та роман островський презентували приклади робототехніки  кожен з учасників не тільки почув про роботів  але мав нагоду власноруч покерувати ними  відчути себе справжніми операторами роботизованих систем  у ході розповіді були представлені робот ладифі та  валєра   технології виготовлення цих роботів зовсім різні  тому студенти коледжу знайшли в них те  що їм може сподобатись  денис розповів  що наші здобувачі освіти не тільки конструюють роботів  а проходять практику на різних підприємствах  одним із яких є відділ протидії кіберзлочинам в кіровоградській області департаменту кіберполіції нпу  наші студенти дуже активні  вони створили власну волонтерську команду krop base  яка протидіє російській пропаганді та фейковим новинам  очолив цей рух денис павлюк  він розповів здобувачам освіти  як вони можуть допомагати кіберполіції в блокуванні пропаганди завдяки проєкту  мрія   всі присутні отримали унікальні поради щодо власної безпеки в інфопросторі  залишаємо посилання на  мрію   щоб кожен охочий зміг долучитися до очищення медіапростору україни від негативного впливу та шахрайства  посилання на проєкт  мрія   https   t me  ebxzhbfhxbszy i  наостанок кирило ігорович зазначив  що наш університет став багатопрофільним  тому спектр педагогічних спеціальностей доповнюють класичні  зустріч була теплою  цікавою  дякуємо адміністрації коледжу за запрошення відвідати гайворон знову  ще одним місцем зустрічі з учнівською молоддю гайворонської міської громади став місцевий будинок культури  тут знову маємо захоплені погляди учнів і позитивні емоції від спілкування  інформацію підготували студенти групи цт  б денис павлюк  роман островський  ",0,1,1
179,"у понад     країнах світу двічі на рік переводять стрілки годинників  навесні   на годину вперед  а восени   на годину назад  перехід на літній час в україні здійснюється в останню неділю березня о   годині  а перехід на зимовий час   в останню неділю жовтня о   годині  у      році перехід на літній час припадає на    березня  яка ж користь від переходу на літній час  першим таку ідею запропонував у      році один з батьків засновників сполучених штатів америки бенджамін франклін  щоб зекономити запаси свічок  людина прокидається зазвичай на початку світлового дня  а лягає спати значно пізніше  ніж заходить сонце  переведення годинника на годину вперед сприяє ефективнішому використанню денного світла  узимку такий ефект не спостерігаємо  бо сонце сходить пізніше за звичний час пробудження людей  і те  що зекономимо ввечері  утратимо вранці  тут доцільніше повертатися до поясного часу  який є більш близьким до природного  сонячного  часу  у народі його називають  зимовий   у системі поясного часу вся поверхня землі розділена на    часових пояси  у межах поясу час однаковий і дорівнює сонячному часу його центрального меридіану  піонером запровадження літнього часу стала німеччина  під час першої світової війни     квітня      року  перевели стрілки годинників на годину вперед  а   жовтня      р    на годину назад  невдовзі такі ж зміни запровадила велика британія     березня      року конгрес сша на період війни запровадив літній час з метою заощадження палива  що використовувалося для генерації електричного струму  більшість країн  серед них й україна  за рекомендацією європейської економічної комісії оон датою переходу на літній час обрали останню неділю березня  а датою повернення на стандартний час   останню неділю жовтня  отже  у найближчу неділю     березня  ми дружно переведемо годинник на одну годину вперед і почнемо отримувати задоволення від того  що сонце увечері заходитиме на годину пізніше  підготував доцент кафедри природничих наук і методик їхнього навчання о  в  волчанський  ",3,2,-1
180,"викладачі нашого університету разом зколективом дзп пт о  кропивницький професійний ліцей сфери послуг та торгівлі  взяли участь у підготовці та проведені круглого столу  шляхи співпраці   який відбувся    березня      року  модератором заходу булазаступник директора з навчально виховної роботи ліцею вікторія саввична алєксеєвець  на зустрічі були присутні директорка дзп пт о  кропивницький професійний ліцей сфери послуг та торгівлі  людмила олексіївна снєжко та викладачі центральноукраїнського державного університету імені володимира винниченка  доцент кафедри педагогіки та спеціальної освіти інна петрівна краснощок завідувач кафедри технологічної та професійної освіти  професор микола ілліч садовийта доценти кафедри людмила олександрівна чистякова  оксана віталіївна абрамова  ольга василівна пуляк  під час круглого столу присутні обговорили здобутки та перспективи спільних проєктів  зокрема  реалізації проєкту  формування м яких навичок  softskills  майбутніх кваліфікованих робітників в освітньому середовищі закладу професійної  професійно технічної  освіти   проведення семінарів та конференцій  проходження практики студентами університету на базі ліцею  проведення майстер класів учням ліцею викладачами університету  участь у конкурсах та благодійних акціях  обговоренні освітніх програм закладів освіти тощо  за результатами роботи круглого столу учасники зустрічі ухвалили рішення продовжитий розширити подальшуспівпрацю між закладами освітита намітили перспективні напрямки спільної діяльності членів колективу ліцею  викладачів університету та здобувачів обох закладів освіти  розробка спільних наукових тем та проєктів  підготовка та видання спільних публікацій  посібників  методичних наробок  проведення спільних науково практичних семінарів  конференцій  конкурсів  проведення виховних годин  екскурсій  акцій  конкурсів  майстер класів здобувачам  ознайомлення учнів ліцею із можливостями подальшого навчання в університеті  проходження педагогічної практики студентів на базі ліцею тощо  інформацію надано кафедрою технологічної та професійної освіти  ",2,5,3
181,"ефективною формою співпраці зістейкхолдерами є проведення гостьових лекцій  які традиційно проводяться на кафедрі технологічної та професійної освіти факультету математики  природничих наук та технологій  чергова зустріч студентів та викладачів кафедри відбулася    березня      року з тетяною вікторівноюсуріноюметодистом професійної підготовки навчально методичного кабінету професійно технічної освіти у кіровоградській області на тему   особливості організації освітнього процесу в системі професійної  професійно технічної  освіти   лекція організована у межах навчальних дисципліни спеціальностей     професійна освіта  технологія виробів легкої промисловості      професійна освіта цифрові технології  та     середня освіта  трудове навчання та технології   у минулому випускниця кафедри в ході цікавого спілкування розкриланове бачення ролі роботодавців унинішній системі соціально трудових і соціально економічних відносин у виробничій  освітній та науковій сферахза нових освітніх стандартів  чітко визначила місце випускниківспеціальностей кафедри технологічної та професійної освіти у цій системі  дала розгорнуту характеристику професійних  професійно технічних  закладів освіти області  показала їхні здобутки  розкрила перспективи розвитку і запросила студентів до роботи в них  тетяна вікторівна  відповідаючи на чисельні та непрості запитання більше ніж    ти студентів спеціальностей     професійна освіта  технологія виробів легкої промисловості       професійна освіта  цифрові технології  та     середня освіта  трудове навчання та технології і викладачів  визначила сучасні форминалагодження цивілізованого соціального діалогу кафедри та системи професійної  професійно технічної  освіти  окреслила норми репрезентативності всіх суб єктів і сторін зустрічі відмічено важливість виконання колективних проєктів  що забезпечують формування навичок softskills  декан факультету т в фурсикова запросила до науково педагогічної співпраці колективи системи профтехосвіти та науковців факультету  інформацію підготували д пед н   проф  м і садовий та д пед н   проф  о м трифонова  ",1,0,-1
182,"   березня      року на кафедрі технологічної та професійної освіти відбулася гостьова лекція для студентів спеціальності        середня освіта  трудове навчання та технології   яку провели доктор педагогічних наук  професор  завідувач кафедри технологічної освіти уманського державного педагогічного університету імені павла тичини андрій терещук та учитель трудового навчання гімназії      вінницької міської ради  учитель методист   заслужений вчитель україни   переможець всеукраїнського конкурсу  учитель року         дмитро луп як  студентам та викладачам кафедри презентовано різні аспекти теоретичної та практичної реалізації проєктно технологічної та дослідницької діяльності у технологічній освітній галузі  спікери розкрили актуальну тему  метод проєктів на уроках технологій  особливості організації у новій українській школі   зокрема  д  луп як поділився досвідом організації та виконання різноманітних проєктів на уроках трудового навчання та технологій  визначив ефективні методи  які запроваджуються ним на уроках  метод фантазування  фокальних об єктів  комбінування та біоформ  розкрив особливості послідовності виготовлення виробів  досить корисним у практичній діяльності педагога є методичні напрацювання вчителя  з якими він поділився зі студентами   майбутніми вчителями  професор а  терещук акцентував увагу на особливостях методу проєктів в умовах нуш  окреслив перспективні напрямки інтеграції та stem освіти  наголосив на важливості формувального оцінювання в проєктуванні  ці та інші питання  розкриті у лекції  стали предметом активного обговорення серед присутніх студентів та викладачів  гостьові лекції від провідних фахівців галузі та педагогів практиків є необхідною складовою підготовки майбутніх вчителів трудового навчання та технологій  що забезпечує якісну освіту та знайомить здобувачів та викладачів із найновішими досягненнями в умовах реформування сфери освіти  андрій терещук є керівник групи розробників держстандарту технологічної освітньої галузі  разом з тим  гостьові лектори а  терещук та д  луп як є членами авторських колективів модельних програм для     класів за держстандартом нуш  яких наразі в україні налічується чотири та які успішно упроваджуються у освітній процес закладів загальної середньої освіти  то ж присутні мали змогу дізнатися про особливості вивчення предмету  технології  в новій українській школі за вимогами державного стандарту базової середньої освіти  викладачі та студенти висловлюють вдячність андрію терещуку та дмитру луп яку за актуальну й змістовну лекцію  яка мотивує здобувачів освіти до подальшого саморозвитку та самовдосконалення   ",1,1,0
184,"   березня      року на базі кіровоградського обласного інституту післядипломної педагогічної освіти імені василя сухомлинського проходила робота журі ііі  обласного  етапу всеукраїнської учнівської олімпіади з фізики  оскільки олімпіада дистанційна  то за допомогою комп ютерів розглядались електронні копії робіт  аналізувалось також дотримання академічної доброчесності  у складі журі олімпіади пліч о пліч з досвідченими освітянами області активно працювали викладачі кафедри природничих наук і методик їхнього навчання цду ім  в  винниченка  м і садовий   доктор педагогічних наук  професор  голова журі  о м трифонова   доктор педагогічних наук  доцент  член журі  о о чінчой   кандидат педагогічних наук  доцент  член журі  о в волчанський   кандидат фізико математичних наук  доцент  експерт консультант  по завершенню роботи журі відбулося обговорення стану вітчизняної природничо математичної освіти  викладачі кафедри природничих наук і методик їхнього навчання ознайомили колег з конкурсними пропозиціями цду ім  в  винниченка для абітурієнтів      року  розповіли про спеціальності природничо математичного і технологічного профілів  повідомили про можливості підвищення рейтингу абітурієнта  інформацію підготував доцент кафедри природничих наук і методик їхнього навчання о в волчанський  ",3,1,-2
185,"у березні поточного року між центральноукраїнським державним університетом імені володимира винниченка в особі ректора євгена соболя та державним університетом телекомунікацій в особі ректора володимира толубка підписано договір про співробітництво в освітній та науковій сферах  ініціатором співпраці з дут виступила одна з кафедр факультету математики  природничих наук та технологій   кафедра інформатики та інформаційних технологій  у результаті підписаного договору про науково освітню співпрацю будуть реалізовані програми академічної мобільності науково педагогічних працівників та здобувачів вищої освіти  різноманітні форми підвищення кваліфікації  стажування та підготовки наукових кадрів  заплановано спільні наукові та освітні заходи  зокрема конференції  семінари  круглі столи тощо  предмет договору також передбачає обмін досвідом у сфері комп ютерної та програмної інженерії  захисту інформації  а також технологій цифрового розвитку  підписання важливого документу для обох українських університетів засвідчує факт взаємної зацікавленості у спільному розвитку освітнього  наукового й інноваційного потенціалу студентської молоді та представників наукової спільноти  очікуємо на довготривалу та спільну співпрацю   ",0,1,1
187,"з    лютого по   березня      року проходив ііі  обласний  етап всеукраїнської учнівської олімпіади з фізики  до участі в змаганнях були залучені понад     учнів      класів загальноосвітніх навчальних закладів кіровоградської області   призерів іі етапу  цього року олімпіада проходила в дистанційному режимі  учасникам на початку роботи надіслали завдання і визначили граничний час подачі розв язків  традиційно змагання відбувались у два тури  у першому учасникам було запропоновано розв язати ряд теоретичних задач із різноманітних тем шкільного курсу фізики  у другому  практичному  тур учні виконували завдання  які полягали в проведенні експериментів за допомогою запропонованого їм доступного у домашніх умовах обладнання  по закінченню часу  відведеного для надсилання виконаних завдань і їх шифрування  розпочалась робота журі  на початку роботи журі визначило правила перевірки і критерії оцінювання робіт  оскільки олімпіада дистанційна  то за допомогою комп ютерів розглядались електронні копії робіт  аналізувалось також дотримання академічної доброчесності  у складі журі олімпіади пліч о пліч з досвідченими освітянами області активно працювали викладачі кафедри природничих наук і методик їхнього навчання цду ім  в  винниченка  садовий м і    доктор педагогічних наук  професор  голова журі  трифонова о м    доктор педагогічних наук  доцент  член журі  чінчой о о    кандидат педагогічних наук  доцент  член журі  волчанський о в    кандидат фізико математичних наук  доцент  експерт консультант  за підсумками двох турів було визначено переможців олімпіади та кандидатів до участі у всеукраїнському етапі олімпіади  зокрема  лауреатом диплому і ступеня визнано учня    класу нашого наукового ліцею михайла скічка  він буде представляти кіровоградську область на всеукраїнському етапі олімпіади  тож вітаємо переможців олімпіади  бажаємо учням та їх учителям подальших успіхів і творчих злетів  інформацію підготував доцент кафедри природничих наук і методик їхнього навчання о в волчанський  ",3,5,2
188,"  березня      року відбулася робоча зустріч викладачів нашого університету зі стейкхолдерами  в якій взяли участь заступник директора з навчально виховної роботи дзп пт о  кропивницький професійний ліцей сфери послуг та торгівлі  вікторія саввична алєксеєвець та викладачі центральноукраїнського державного університету імені володимира винниченка  доцент кафедри педагогіки та спеціальної освіти інна петрівна краснощок  доценти кафедри технологічної та професійної освіти оксана віталіївна абрамова  ольга василівна пуляк  людмила олександрівна чистякова  під час зустрічі обговорювали результати співпраці закладів освіти  реалізації спільних проєктів  заходів тощо  в  алексеєвець представила проєкти  які реалізуються учнями та працівниками ліцею  досвід співпраці з міжнародними організаціями  л  чистякова запропонувала механізми формування результативної моделі багатосторонньої взаємодії між ліцеєм та університетом  в продовження роботи методисти педагогічної практики і  краснощок та о  пуляк обговорили стан її проходження студентами спеціальності професійна освіта  технологія виробів легкої промисловості  цду ім  в  винниченка на базі ліцею  було окреслено сильні та слабкі сторони практичної підготовки студентів практикантів та їх готовності до професійної діяльності  о  абрамова  гарант нової освітньої програми  проєктування швейних виробів  трудове навчання та технології  спеціальності     професійна освіта  ознайомила присутніх із метою  основним фокусом оп та спеціалізації  програмними результатами навчання  переліком освітніх компонентів тощо  особливістю програми є її міждисциплінарний характер  що поєднує дві предметні спеціальності      професійна освіта  технологія виробів легкої промисловості  та     середня освіта  трудове навчання та технології  й забезпечує широке коло працевлаштування випускникам  стейкхолдери відзначили актуальність та перспективність такої спеціальності  в  алексеєвець зазначила на необхідності забезпечення якісної підготовки із педагогіки та методики професійного навчання майбутніх фахівців  і  краснощок звернула увагу на необхідність розвитку у студентів м яких навичок  формування яких можна підсилити завдяки доступу до широкого переліку вибіркових компонентів та сертифікатних програм  учасники зустрічі звернули особливу увагу на пошук нових шляхів подальшої взаємодії та спільної діяльності  з цією метою учасники спланували провести найближчим часом спільний круглий стіл на тему  шляхи співпраці   до якого залучити широке коло науковців  викладачів  педагогів та здобувачів закладів освіти  інформацію надано кафедрою технологічної та професійної освіти  ",1,0,-1
191,"   березня      року з нагоди     ої річниці від дня народження українського поета  художника  митця  культурного діяча  етнографа  філософа   тараса григоровича шевченка  на кафедрі природничих наук і методик їхнього навчання була проведена година спілкування для студентів і курсу спеціальностей      середня освіта  біологія та здоров я людини       середня освіта  хімія  та     середня освіта  природничі науки  на чолі з кураторами  професором г в дефорж та доцентом о в терещенко студенти підготували доповіді  але на жаль  через тривогу виступити мали змогу не всі  встигли заслухати доповіді студенток групи бх  б   наталії колісник та юлії луньової  були презентовані цікаві та маловідомі факти з життя та творчості тараса григоровича  найбільш неочікуваним та цікавим для студентів виявилося  розвінчано найбільший міф   що тарас писав для селян  по перше  селяни не вміли читати  і тільки десь наприкінці хіх століття їм почали розказувати  хто такий тарас шевченко  освічені люди тоді   переважно дворяни  його публіка   вихідці з україни  які про неї пам ятали  з    х років хіх століття у петербурзі була мода на все українське  це була найбільша екзотика  ми знаємо шкільну історію про те  що геніальний художник карл брюллов намалював портрет поета василя жуковського  його розіграли в лотерею серед імператорської сім ї  і насправді тоді зібрали трохи більше половини суми  яку треба було віддати  за викуп віддали     тисячі рублів  нині це   понад    тисяч доларів  це   дуже великі гроші на ті часи  співмірні з річним доходом маленького маєтку чи села  але це не була найбільша сума  за яку викупали художників чи інших талановитих людей  коли тараса викупили  йому було    роки  іван сошенко  завдяки якому шевченка викупили  писав  що в нього вселився  світський біс   тарас став так званим тусовщиком  якби були клуби  він би в них ходив  а так він відвідував різноманітні зібрання  грав у карти  він був людиною  яка жила в інших реаліях  і нарешті відчула ковток свободи  культ шевченка виник ще за його життя  почав зміцнюватися після смерті й перепоховання  тоді     етнічного українства були селянами  тому тарас майже всюди в шапці та кожусі   образ мав бути простим і зрозумілим  радянській владі це також було зручно  тому з явилася формула  поет революціонер демократ   яка означала мало не  комуніст   натомість  тарас   міський чоловік  якщо ви заберете історію народження в кріпацькій сім ї  то з    років він жив у вільно  тепер вільнюс   а потім   протягом    років у петербурзі  це людина  вихована в столичній міській культурі  дуже європеїзованому місті  він був частиною мистецької еліти петербурга й душею компанії  якби тарас шевченко жив сьогодні  то був би відомим  доволі скандальним блогером та успішним митцем  ще багато цікавих фактів було озвучено на кураторській годині  інші доповідачі обов язково представлять свої доповіді про т г шевченка у найближчий час  інформацію підготували староста групи пн  б анастасія албот та професор г в дефорж   ",4,1,-3
193,"факультет математики  природничих наук та технологій  бібліотека цду та університет ііі віку  натхнення     лютого      року спільно провели свято масляної  невід ємним компонентом дійства став благодійний ярмарок  https   phm cuspu edu ua facultet novini      masliana      zustrichaiemo vesnu razom html   ярмарок був організований  щоб зібрати кошти для зсу  на благодійному ярмарку була можливість придбати теплі шкарпетки  які вже передали нашим захисникам  вцілому було зібрано      гривень  гроші передали в майстерню факультету  на них придбали необхідні матеріали та виготовили ноші в кількості    штук для    бригади  до виготовлення нош долучилися співробітники та студенти центральноукраїнського державного університету імені володимира винниченка  всім дякуємо всім за працю та небайдужість  слава зсу  слава україні  інформацію підготувала студентська рада факультету  ",0,1,1
194,"   лютого      року до кропивницького фахового коледжу харчування та торгівлі завітав представник відділу протидії кіберзлочинам в кіровоградській області департаменту кіберполіції національної поліції україни євгеній бондаренко та волонтер денис павлюк  студент центральноукраїнського університету імені володимира винниченка  у ході презентації євгеній бондаренко розповідав про екосистему  мрія   кожен охочий мав змогу долучитися до каналу  щоб стати частиною кібервійська  під час виступу денис  студент спеціальності професійна освіта  цифрові технології   продемонстрував відеоматеріали від департаменту кіберполіції  розповів слухачам про важливість проєкту  під час спілкування денис переконався  що наша молодь   свідомі громадяни  розуміють важливість та доцільність проєкту  мрія  в сучасних реаліях  захід був цікавим  велика подяка олегу ємельянову за гарні фото  перший день весни для наших студентів пройшов дуже активно  денис павлюк  група цт  б  провів черговий захід  спрямований на безпеку в інтернеті та ознайомив з проєктом  мрія   який спрямовано на блокування російської пропаганди  волонтер кіберполіції денис павлюк презентував  мрію  у спортивних клубах гірник та гамбіт  проєкт спрямований на збільшення кібербезпеки та профілактику кіберзлочинів серед дітей і молоді  на боротьбу з пропагандою  денис розповів про методи та прийоми захисту від онлайн загроз  вірусів і шахрайства  надав корисні поради з питань безпечної поведінки в інтернеті  зазначив  що в каналі stoprussiachannel   mriya є інформація щодо особистої безпеки  учасники заходу були зацікавлені та ставили багато запитань  що свідчить про важливість теми кібербезпеки у нашому суспільстві  проєкт  мрія  продовжує свою роботу  заходи у співпраці з місцевими спортивними клубами підвищують рівень кібербезпеки  розвивають навички безпеки в інтернеті для всіх користувачів  усім охочим долучитися до інформаційного війська та організувати власну безпеку в інтернеті запропоновано покликання на проєкт  мрія  https   t me  ebxzhbfhxbszy i  інформацію підготував студент групи цт  б денис павлюк  ",2,3,1
195,"студенти факультету математики  природничих наук та технологій центральноукраїнського державного університету імені володимира винниченка денис павлюк  спеціальність  професійна освіта  цифрові технології   владислав губар  спеціальність  середня освіта  трудове навчання та технології   дарія решетнікова  спеціальність  середня освіта  інформатика  та артем руденко  спеціальність  комп ютерні науки  з метою залучення учнів слухачів до гуртка робототехніки та відповідних курсів створили проєкт  krop robots   у рамках цього проєкту студенти відвідують заклади освіти     лютого денис павлюк  владислав губар та артем руденко  які є одними з засновників команди krop robots прибули до бібліотеки маланюка  щоб розповісти про свій проект та дати дітям можливість покерувати роботами  команда krop robots провела захоплюючу презентацію роботів для дітей у бібліотеці маланюка під час святкування масляної  діти від усіх вікових категорій були захоплені  коли побачили цих роботів  які можуть рухатися та виконувати різні завдання  під час заходу команда krop robots розповідала про те  як вони створювали роботів під час занять на наукових гуртках факультету математики  природничих наук та технологій центральноукраїнського державного університету імені володимира винниченка    основи автоматизованих систем і робототехніки  науковий керівник  д пед н   проф  м і садовий     застосування апаратно обчислювальних платформ для створення роботизованих систем  науковий керівник  к пед н  д в соменко     цифровізація освіти та stem технології  науковий керівник  д пед н   проф  о м трифонова   команда krop robots продемонструвала функціональні можливості роботів  діти мали змогу навчитися керувати роботами та дізнатися більше про їхню роботу  цей захід був не тільки цікавим та пізнавальним  але й допоміг учням розвинути свої навички у сфері технологій та програмування  слухачі були дуже захоплені тим як механізовані системи виконують завдання  навіть самі спробували керувати ними  організатори заходу відзначили  що це була чудова нагода допомогти дітям пізнати світ технологій та заохотити їх до майбутнього освоєння цього напрямку  колектив бібліотеки маланюка висловив подяку команді krop robots за проведення цікавої та пізнавальної презентації роботів і запропонував співпрацю  але команда krop robots на цьому не зупинилася  весна почалася для наших студентів дуже активною  денис павлюк та владислав губар відвідали низку закладів із презентацією нашого університету та свого проєкту  так  лише    березня      року команда krop robots провела захід у приватній школі мозаїка     березня наші студенти продовжили свою подорож  вони відвідали заклади освіти з метою залучення слухачів до робототехніки та курсів  які створюються нашими студентами  команда krop robots провела презентацію роботів у клубі гамбіт  так  владислав губар розповів про особистий досвід участі у змаганнях роботів  учасники мали можливість поспілкуватися з членами команди krop robots та поставити запитання про робототехніку  програмування та інші технічні аспекти  крім того  було проведено демонстрації технічних можливостей роботів  їхньої швидкості  маневреності  точності  команда krop robots зібрала багато компліментів та позитивних відгуків  презентація роботів та команди krop robots стала чудовою нагодою для того  щоб показати  наскільки робототехніка може бути захопливою та цікавою сферою  яка розвиває навички та інтереси в галузі науки та техніки  цього ж дня  команда krop robots презентувала роботів у спортивному клубі гірник  захід став чудовою нагодою для того  щоб продемонструвати можливості робототехніки та підвищити інтерес до цієї галузі серед широкої громадськості  команда krop robots висловлює подяку міській раді  особливо катерині черкаській  за організацію заходу  організовані зустрічі є цікавими та пізнавальними для всіх учасників  команда krop robots продемонструвала робототехніку як цікавий напрям  що допоможе учням розвивати свої навички й інтереси в галузі науки та техніки  команда krop robots запрошує всіх приєднуватися та слідкувати за новинами у телеграм  https   t me krop robots інформацію підготували студенти денис павлюк  владислав губар  дарія решетнікова  артем руденко  ",1,1,0
196,"відповідно до статті     студентське самоврядування  закону україни  про вищу освіту   у закладах вищої освіти та їхніх структурних підрозділах діє студентське самоврядування  що є невід ємною частиною громадського самоврядування відповідних закладів освіти  студентське самоврядування   це можливість самостійно розв язувати питання навчання та побуту  захисту прав та інтересів студентів  їхньої участі в управлінні закладом вищої освіти  студентське самоврядування об єднує всіх студентів відповідного закладу вищої освіти і здійснюється на рівні студентської групи  факультету  гуртожитку  закладу вищої освіти  у своїй діяльності органи студентського самоврядування керуються законодавством  статутом закладу вищої освіти та положенням про студентське самоврядування закладу вищої освіти    березня      року відбулись вибори старости гуртожитку     де проживають студенти факультету математики  природничих наук та технологій центральноукраїнського державного університету імені володимира винниченка  більшість голосів  за  отримав студент групи тн  б  спеціальність середня освіта  трудове навчання та технології  губар владислав григорович  таким чином  владислава обрано старостою гуртожитку     вітаємо та бажаємо успіхів у роботі на обраній посаді  натхнення та досягнень на користь благоустрою побуту нашого студентства  інформацію підготувала студентська рада факультету та заступник декана о м трифонова  ",0,1,1
197,"   березня на базі кафедри математики і методики її навчання після зимових канікул поновив свою роботу науково методичний семінар  актуальні проблеми навчання математики  інформатики та економіки   у семінарі взяли участь члени кафедри математики і методики її навчання та близько    вчителів математики з різних областей україни  розпочала чергове засідання семінару  актуальні проблеми навчання математики  інформатики та економіки  завідувачка кафедри математики і методики її навчання  доктор педагогічних наук юлія володимирівна ботузова  яка представила присутнім двох спікерів  перший спікер   кандидат педагогічних наук  доцент кафедри математики і методики її навчання  вчитель математики вищої категорії  вчитель методист наталія михайлівна войналович  другий спікер   вчитель математики кз  ліцей  науковий  міської ради міста кропивницького  магістрант ярослав в ячеславович левицький  наталія михайлівна войналович запропонувала до розгляду учасників семінару тему  роль і місце задач при вивченні комбінаторики   обгрунтовуючи актуальність запропонованої доповіді  н м  войналович наголосила на тому  що задачі мають стати основним засобом формування знань та розвитку математичних здібностей молоді  що навчається  гострою є потреба у забезпеченні наступності у навчанні математики  при вивченні математики потрібно розглядати задачі  для розв язання яких необхідні не лише знання шкільної програми  а й творче  системне застосування цих знань  зокрема  при розв язуванні задач при вивченні комбінаторики  спікер продемонструвала правила суми та добутку  які є базовими при розв язуванні задач з комбінаторики та обгрунтувала необхідність розгляду навчальних задач з комбінаторики за класичними посібниками  зокрема   комбінаторика  наума яковича віленкіна  далі н м  войналович запропонувала учасникам семінару та проаналізувала серію задач і різні способи їхнього розв язування з метою забезпечення необхідних знань  умінь та навичок при переході від навчання у середній загальноосвітній школі до навчального процесу у вищих навчальних закладах освіти математичного профілю  ярослав в ячеславович левицький виступив з доповіддю на тему  укрупнення дидактичних одиниць при навчанні розв язування різних математичних завдань   спікер окреслив основне завдання дослідження   демонстрація застосування складових технології укрупнення дидактичних одиниць  аналіз та синтез  метод протиставлення  використання зворотних задач  узагальнення та аналогію  повна матриця задач  складання задач  з метою формування математичних інтегративних здатностей учнів середніх загальноосвітніх шкіл  далі я в левицький продемонстрував комплекс вправ  близько     завдань  на тему  квадратні рівняння   обґрунтував алгоритм складання та розв язування деформованих  зокрема  зворотних задач  також розглянув особливості застосування технології укрупнення дидактичних одиниць під час розв язування рівнянь та нерівностей з модулем  здійснив графічну інтерпретацію розв язування рівнянь та нерівностей з модулем та складання таких рівнянь і нерівностей за допомогою графічного калькулятора desmos  застосування технології укрупнення дидактичних одиниць було апробовано я в левицьким під час індивідуальних занять  які він проводив зі старшокласниками шкіл м  кропивницький в межах їх додаткової підготовки до складання зно  по закінченню доповідей н м  войналович та я в левицького учасники семінару обговорили запропоновані спікерами підходи до навчання математики в середніх загальноосвітніх школах та висловили вдячність спікерам засідання науково методичного семінару за висвітлення таких важливих питань методики навчання математики  завідувачка кафедри математики та методики її навчання ю в ботузова запрошує науковців  вчителів  студентів та усіх бажаючих до участі у роботі наступного засідання науково методичного семінару  актуальні проблеми навчання математики  інформатики та економіки   яке відбудеться    березня      року  повідомлення підготувала доцент кафедри математики і методики її навчання в в нічишина   ",6,0,-6
200,"   лютого наш студент денис павлюк відвідав кіровоградську обласну бібліотеку для юнацтва ім  є  маланюка як волонтер кіберполіції  https   phm cuspu edu ua facultet novini      volonterstvo na informatsiinomu fronti html   під час заходу денис розповів про проєкт  мрія   основною метою якого є боротьба з російською пропагандою  зменшення булінгу в інтернеті  протидія наркотикам та шахрайству  навчання громадян власному захисту в інтернет просторі  на заході були присутні діти й батьки  адміністрація бібліотеки  читачі  також до бібліотеки завітали журналісти телебачення  суспільне кропивницький   щоб взяти інтерв ю про проєкт  мрія   представник кіберполіції наголосив на тому  що кіберзлочинність та пропаганда стали однією з найбільших загроз для нашої країни  і що проєкт  мрія  є важливим кроком в боротьбі з цією проблемою  денис акцентував увагу на тому  як виглядають фішонгові посилання  те  що вони роблять з даними  які отримують з пристрою користувача  дуже важливо  щоб нових кібервоїнів із лав  мрійців  ставало більше  залишаємо посилання на канал  мрія   https   t me  ebxzhbfhxbszy i    щоб кожний зміг стати частиною кібервійська  детальніше на каналі суспільне кропивницький  https   www youtube com watch v ldpqu q bv  інформацію підготував студент групи цт  б денис павлюк  ",0,2,2
203,"у сучасному світі стрімких змін у сфері іт технологій  процес оновлення і впровадження нових освітніх програм у процес підготовки майбутніх фахівців іт галузей є вельми актуальним  як казав відомий персонаж льюїса керролла    щоб кудись потрапити  треба бігти як мінімум удвічі швидше    тому для викладачів дуже важливо постійно підтримувати та підвищувати свій професійний рівень  швидко орієнтуватись у потоці сучасних знань  аналізувати  виокремлювати перспективні інновації і впроваджувати їх в освітній процес у вигляді нових сучасних дисциплін та практикумів  один із найбільш мобільних та ефективних сучасних інструментів отримати знання   це відвідування вебінарів експертів і професіоналів галузі     лютого      року доцент кафедри інформатики та інформаційних технології ольга василівна рєзіна взяла участь у вебінарі  присвяченому проблемам веброзробки  вебінар організовано в режимі онлайн академією іт професій mate academy  під час зустрічі ґрунтовно висвітлювалися питання використання інструментів веброзробки  особливості frontend та backend розробки  говорилося про те  як правильно організувати своє власне навчання  багато уваги було приділено перспективам щодо працевлаштування фахівців  які опанували технології створення вебсайтів  усі цікаві ідеї та знахідки  про які йшлося на вебінарі  будуть втілені в освітній процес при навчанні веброзробки студентів факультету математики  природничих наук та технологій  цього ж дня завідувачка кафедри інформатики та інформаційних технологій світлана олександрівна шлянчак та доцент олена віталіївна присяжнюк відвідали вебінар  присвячений проблемам і перспективам використання чат боту зі штучним інтелектом chatgpt  chatgpt   новий тренд  який уже використовують різні фахівці у власній роботі  програмісти  підприємці  маркетологи  використовуючи його технологію можна створити все  що завгодно  від здачі тестового завдання на співбесіді  написання есе на екзамені в коледжі до створення сценаріїв  пісень  і навіть нових законів  у рамках вебінару спікер євгеній лабунський докладно зупинився на трьох ключових аспектах  визначенні феномену чат боту  сценаріях його використання та аналізу релевантності інформації  яку видає чат gpt  окремий блок доповіді стосувався питань використання chatgpt як інструменту роботи скрам майстра  резюмуючи  можна зазначити  що всі майбутні інновації  або поточні тенденції  будуть пов язані з впровадженням штучного інтелекту  це покращує користувальницький досвід  а також дозволяє створювати вебдодатки набагато швидше   ",0,3,3
205,"   лютого      року у дистанційному форматі відбувся ііі  обласний  етап всеукраїнської учнівської олімпіади з хімії           навчального року  перевірити свої знання  експериментальні вміння  практичні навички з хімії  відповідно до квоти  могли     здобувачів освіти  виявили бажання позмагатися      а саме     учень   х класів     учнів   х класів     учнів    х класів та    учнів    класів  учням      класів було запропоновано по п ять завдань  які розподілені за вивченим матеріалом та рівнями складності  що містили експериментальні та розрахункові задачі  активну участь в організації та проведенні заходу взяли  василь нудний  заступник директора з навчально організаційної діяльності  людмила хлань  завідувач нмл природничо математичних та інформатично технологічних дисциплін  тятяна ціперко  медодист нмл  ольга литвиненко  завідувач навчально методичного центру дистанційного навчання  співробітники   іван задорожко  артур частаков  у складі журі олімпіади разом з привідними педагогічними працівниками області активно працювали викладачі кафедри природничих наук і методик їхнього навчання цду ім  в  винниченка  наказ директора департаменту освіти і науки облдержадміністрації       од від    грудня      року  валентина плющ  доктор педагогічних наук  професор  доцент кафедри   голова журі  оксана терещенко  кандидат хімічних наук  доцент  доцент кафедри   експерт консультант  напередодні проведення олімпіади відбулася нарада  щодо особливостей організації роботи комісії та перевірки робіт в умовах дистанційного формату  критерії оцінювання робіт  шифрування робіт тощо   найвищий рівень досягнень з хімії продемонстрували учні закладів освіти області  гайворонської  долинської  знам янської  новоукраїнської міських громад   ",0,3,3
206,"до чого душа лежить  до того і руки прикладуться  народна мудрість    як допомогти зорієнтуватися учням випускникам у виборі професії й закладу освіти  яку пораду можуть дати викладачі закладів вищої  якщо ми ставимо в основу піклування  у контексті допомоги дитині адаптуватися до тих обставин  у яких вона нині перебуває  то тоді  звісно  ми можемо це зробити  з дітьми     ми можемо просто сісти й поговорити  і щоб це не ставало додатковим стресом  то бажано проводити профорієнтаційні бесіди коротко і без зазивання  для дитини  яка зараз перебуває в стресі через війну  я не знаю надійного способу  який змусить їх вчитися  щоб круто здати нмт  бо має зникнути причина стресу  тож можна запропонувати зануритись у спогади про дитинство  де діти з багатьох іграшок вибирали найулюбленішу  в школі віддають перевагу найцікавішим  на наш погляд  предметам    обирають товаришів  друзів  коханих  і в основі вибору кожної дитини є свої критерії  своє уявлення про добро і зло  честь і безчестя  правду і кривду  тож допомогти школярам спроєктувати індивідуальну освітню траєкторію  змоделювати варіанти профільного навчання та професійного становлення  здійснити аналіз власних досягнень  скласти власне портфоліо  сприяти формуванню в школярів адекватної самооцінки   це той мінімум  що може дати проста  хоч і онлайн проведена  бесіда про нові спеціальності в університеті  який на сьогодні ставить за мету   бути флагманом вищої освіти не лише в регіоні   а й в україні  саме тому на початку навчального семестру викладачі секції економіки та менеджменту факультету математики  природничих наук та технологій цду імені володимира винниченка активно проводять профорієнтаційні заходи з випускниками міста кропивницького та районних шкіл  вже вкотре зустрілась з учнями старших класів златопільського ліцею м  новомиргорода доцент кафедри математики та методики її навчання оксана буткевич  за активної співучасті в організації онлайн зустрічі юлії анатоліївни чухно та класного керівника альони олександрівни денисенко    а клас  та класного керівника віталіни миколаївни гончаренко     клас  захід провели і домовились про майбутні зустрічі  вдячні за активну співпрацю педагогам  яка дає подвійний ефект  адже це ті люди  які стають за шкільні роки майже рідними  і до них завжди дослухаються не лише діти  а й батьки  матеріал підготовила доцент секції економіки та менеджменту кафедри математики та методики її навчання оксана буткевич  ",4,1,-3
208,"   лютого      року на факультеті математики  природничих наук та технологій провели веселе та смачне свято масляної  це спільний проєкт нашого факультету  бібліотеки центральноукраїнського державного університету імені володимира винниченка та університету ііі віку  натхнення   у повітрі відчувався аромат ванілі  домашнього затишку  родинного тепла  гості та учасники почували себе однією великою дружньою родиною  єдине  кого бракувало  це тих дорогих серцю людей  які зараз перебувають в лавах захисників україни  для захисників на ярмарку зібрали      гривень  кошти передадуть в майстерню факультету  де для воїнів пошиють необхідні речі  було проведено веселі конкурси  представлено розгорнуту ілюстровану книжкову виставку  перлини звичаїв народних   учасники та гості проявили неабиякі кулінарні вміння  українську щедрість та гостинність  на святкових столах було багато смачних та красивих на вигляд млинців  вареників  тортиків  джемів та багато іншого  щира подяка всім організаторам  учасникам та гостям за емоції  нам вдалося зігріти останні зимові дні теплом наших сердець  щоб зустріти весну з новою силою  позитивною енергією та вірою в найшвидшу перемогу  слава україні  інформацію підготувала студентська рада факультету  ",0,3,3
211,"розповідати сучасним учням про освітні напрямки або  іншими словами  професійно орієнтувати молодь нелегко  тому вирішили колективом секції  економіки та менеджменту  факультету математики  природничих наук та технологій цду ім  в винниченка провести цікаві лекції для молоді  аби допомогти їм обрати саме ту комфортну галузь  де вони зможуть отримати бажане  зокрема й вищу освіту  і знання  і навички  які дозволять достойно жити  вже другу лекцію  фінансова грамотність  провела доцент секції  економіки та менеджменту  оксана буткевич в бережинському ліцеї  лідер  первозванівської сільської ради   лютого      року  у вихованні дітей питання фінансової грамотності актуалізується не завжди  з маленькою дитиною не прийнято обговорювати сімейний бюджет  однак такий підхід в майбутньому може зіграти злий жарт з дитиною  важливо розуміти  як навчити власних дітей фінансової грамотності  з цією метою можна використовувати поради експертів  тому лекція фахівця з досвідом завжди носить актуальний акцент  у сфері фінансової грамотності завжди є чому вчитися  важливо бути в курсі останніх новацій  незайвим буде передавати власні знання майбутньому поколінню  підвищення рівня фінансової грамотності є досить складним процесом  у ході нього неминуче виникає величезна кількість питань  володіння фінансовою грамотністю допомагає домогтися фінансового благополуччя і зберегти його протягом усього життя  при наявності таких знань людина не існує від зарплати до зарплати  а позики оформляє тільки тоді  коли впевнена  що у майбутньому така дія принесе їй дохід  фінансово грамотні люди не панікують навіть при настанні криз  так як у них завжди є фінансова подушка безпеки  яка дозволяє впоратися з форс мажорними ситуаціями  матеріал підготувала доцент секції  економіки та менеджменту  кафедри математики та методики її навчання оксана буткевич  ",1,0,-1
213,"студент із групи цт  б спеціальності     професійна освіта  цифрові технології  денис павлюк продовжує приймати активну участь у серії заходів під назвою  співпраця з відділом протидії кіберзлочинам в кіровоградській області департаменту кіберполіції національної поліції україни на волонтерських засадах   черговий тиждень  нові поїздки до закладів освіти     лютого  в день святого валентина  денис завітав до ліцею  вікторія п   цього разу були    та    класи  які ознайомились із проєктом  мрія  й активно долучилися до нього  особливу увагу викликала гра  котяцький драйв  від департаменту кіберполіції нпу  кожен охочий з великим задоволенням завантажив на свій пристрій цю гру  після завершення заходу учні поцікавилися у дениса й інспектора щодо безпеки в інтернеті  ми з великим задоволенням давали відповіді на їхні запитання й були приємно здивовані  що молодь така свідома та розуміє важливість безпеки власних даних     лютого денис завітав до виставки роботів  digital skills   яка проходила в бібліотеці імені є  маланюка  було оголошено про проведення інтерактивних занять з робототехніки та кібербезпеки  таким чином  кіберполіція долучилася до заходу  щоб ознайомити з проєктом  мрія  та дати поради щодо власної безпеки  кожен українець   воїн  а наш фронт інформаційний  долучайся за посиланням до проєкту  мрія   посилання  https   t me  ebxzhbfhxbszy i  інформацію підготував студент групи цт  б денис павлюк  ",0,2,2
214,"під час канікул студенти та викладачі кафедри природничих наук і методик їхнього навчання активно займалися науковою роботою та професійним зростанням  проходили міжнародне стажування  підвищували кваліфікацію  писали роботи на другий тур всеукраїнського конкурсу студентських наукових робіт з галузей знань і спеціальностей  статті в наукові журнали та збірники наукових праць  а також брали участь у ряді всеукраїнських та міжнародних науково практичних он лайн конференціях     січня      року відбулася міжнародна науково практична конференція для науково педагогічних  педагогічних працівників  аспірантів  студентів закладів фахової передвищої та вищої освіти  цифрова трансформація та диджитал технології для сталого розвитку всіх галузей сучасної науки і практики  в рамках підвищення кваліфікації як складової навчання впродовж життя  яка проводилася на базі міжнародної академії прикладних наук в ломжі  польща  спільно з державним біотехнологічним університетом  харків  україна   найкращі спікери ділилися досвідом підготовки здобувачів всіх рівнів вищої освіти з використанням сучасних педагогічних та інформаційних технологій  від кафедри природничих наук і методик їхнього навчання взяли участь професор дефорж ганна володимирівна та студентка iv курсу бакалаврату факультету математики  природничих наук та технологій спеціальності     середня освіта  хімія  халілян каріне едіківна з темою  використання інформаційно комунікаційних технологій на уроках біології в закладах загальної середньої освіти   на конференції були присутні представники вищих навчальних закладів багатьох міст україни  теми доповідачів були актуальними  цікавими  корисними  предметом обговорення були різноманітні теми  наприклад роль інформаційно комунікаційних технологій  ікт  у навчанні протягом життя  інструменти підтримки фінансової стійкості бізнесу в повоєнний період  інтернет платформи в навчанні  диджиталізація освітнього простору  антикризовий менеджмент закладу освіти в умовах окупації та блокади  роль інтерактивних платформ у формуванні інноваційних навичок здобувачів вищої освіти та ін  багато доповідей було присвячено дистанційному навчанню  правилам використання цифрових інструментів для віддаленої роботи  особливо цікавою для представників кафедри була доповідь про вирощування рослинних культур  дерев  кипарисових  на ділянці в ломжі  з метою отримання біомаси для енергетичних цілей  конференція тривала більше   годин  була цікавою та змістовною  кафедра природничих наук і методик їхнього навчання дякує організаторам  модераторам та всім доповідачам конференції та сподівається на подальшу співпрацю та реалізацію спільних проєктів з міжнародною академією прикладних наук в ломжі  польща   інформацію підготували професор ганна дефорж та студентка iv курсу бакалаврату каріне халілян   ",0,2,2
215,"студент групи цт  б павлюк денис спеціальності     професійна освіта  цифрові технології   який відповідальний за співпрацю з університетом за напрямом співпраці з кіберполіцією  разом із магістрами цієї ж спеціальності відвідали департамент кіберполіції нпу     лютого      року студенти магістранти в межах виробничої практики завітали до відділу протидії кіберзлочинам у кіровоградській області департаменту кіберполіції нпу м кропивницький  тут вони зустрілися з дмитром калашниковим  начальником департаменту кіберполіції  який ознайомив студентів із роботою та розповів про перспективи проходження практики  зокрема можливість працевлаштування  познайомившись з інспектором кіберполіції олександром  студенти перейшли до іншого кабінету  де олександр із денисом ознайомили магістрів з тим  як саме вони працюють і чим займаються  тим самим активно залучивши їх до спільної справи в боротьбі зі злочинністю і ворожою пропагандою  магістрам сподобався перший день практики в департаменті  відтепер вони долучилися до лав кібер воїнів під керівництвом дениса  який став їхнім координатором  вже наступного дня денис ознайомив студентів із кіберфронтом під час онлайн зустрічей  розповів про проєкт  мрія  та його важливу роль сьогодні  потім були узгоджені подальші дії та план проходження практики студентами магістрантами спеціальності     професійна освіта  цифрові технології   інформацію підготували студенти групи цт  б денис павлюк та роман островський  ",0,1,1
217,"світ навколо нас змінюється  а разом з ним змінюється і бізнес середовище  стандарти вітчизняної освіти спроєктовані на впровадження інновацій  базуючись на прикладах закордонного досвіду співпраці університетів і підприємств  а також вдалих вітчизняних практиках відповідної колаборації  у вищезгаданій угоді викладено основні стратегії формування діалогу між двома провідними закладами вищої освіти  що мають допомогти скорегувати наявний дисбаланс на ринку праці україни  саме тому  в умовах глобалізації інновативність і розвиток конкурентоспроможності економіки можливо підтримувати лише за наявності якісної системи економічної освіти та високої якості людського капіталу  що стоїть в основі роботи секції економіки та менеджменту центральноукраїнського державного університету імені володимира винниченка  центральноукраїнський державний університет імені володимира винниченка є провідним ініціатором європейської освіти та найкращою платформою для її втілення  сьогодення диктує нові правила й умови навчання та освіти в цілому  що в свою чергу повинно нівелювати кордони між закладами вищої освіти і дозволити студентам  які навчаються за освітніми програмами  менежмент  логістика   та  економічна безпека  навчатися в польщі  пропозицію щодо підписання угоди про співпрацю з вштіп академія прикладних наук  м  познань  республіка польща та центральноукраїнським державним університетом ім   в винниченка було подано керівниками секції економіки та менеджменту кафедри математики та методики її навчання та деканом факультету математики  природничих наук та технологій  угоду підписали ректор цду імені володимира винниченка євген соболь та ректор академії прикладних наук доктор гжегож конєчни  активну участь в підготовці договору до підписання приймали завідувач секції економіки та менеджменту кафедри математики та методики її навчання  доктор економічних наук  професор в а панченко та професор кафедри доктор економічних наук  професор м п денисенко  предметом договору є співробітництво у сфері науково освітньої  організаційної  культурної  виховної діяльності на принципах партнерства та рівноправності  формування єдиного європейського простору вищої освіти та культурної взаємодії  мета та напрями співпраці стосуються розвитку вищої освіти та підняття її на новий якісний рівень підтримуючи університети на різних рівнях співпраці  це дозволить здійснювати практичну підготовку студентів із залученням експертів до занять та навчальних тренінгів  допоможе університетам готувати студентів  що будуть готові до викликів сучасності та потреб ринку  основні складові угоди між сторонами включають такі напрямки  організація та координація виконання спільних наукових робіт і грантів  спільне проведення наукових  науково практичних конференцій  семінарів та інших наукових заходів  спільна участь у міжнародних науково освітніх програмах  взаємне рецензування науково дослідних робіт  кваліфікаційних робіт  навчальних посібників  статей та інших видань  організація та здійснення взаємних стажувань  навчань  підвищення кваліфікації науково педагогічних працівників  організація та участь у програмах двостороннього та багатостороннього обміну студентами  здобувачами наукових ступенів  науково педагогічними працівниками за підтримки польських  українських  європейських та інших міжнародних програм  організація спільних виставок  проєктів у сфері підприємництва та культурно масових заходів  настав саме той момент  коли активна співпраця університетів у розробці освітніх програм і профорієнтування студентів може стати найбільш взаємовигідною  заклади вищої освіти матимуть змогу здійснювати підготовку майбутніх фахівців із необхідними професійними навичками  залучатимуть студентів до навчання за оновленими програмами  презентувати реальні кар єрні перспективи  матеріал підготувала доцент секції економіки та менеджменту кафедри математики та методики її навчання оксана буткевич  ",2,3,1
218,"не дивлячись на всі виклики сьогодення на факультеті математики  природничих наук та технологій центральноукраїнського державного університету імені володимира винниченка продовжують свою діяльність студентські наукові гуртки    основи автоматизованих систем і робототехніки  науковий керівник  д пед н   проф  м і садовий     застосування апаратно обчислювальних платформ для створення роботизованих систем  науковий керівник  к пед н  д в соменко     цифровізація освіти та stem технології  науковий керівник  д пед н   проф  о м трифонова   тож іі семестр             н р  студенти спеціальності     професійна освіта  цифрові технології  розпочали з презентації своїх здобутків     лютого      року студенти з групи цт  б  островський роман та павлюк денис  спеціальності     професійна освіта  цифрові технології  вперше в      році приймати активну участь у серії заходів під назвою  день університету в школі   цього разу делегація студентів і викладачів цду імені володимира винниченка відвідали добровеличківку  де висвітлили здобутки нашого закладу вищої освіти  представники факультету математики  природничих наук та технологій презентували створених власноруч роботів  яких зібрали під час занять та роботи студентських наукових гуртків  глядачам зі сцени демонстрували функціональні можливості роботів  показали особливості використання основних функцій роботів  здобувачів освіти ознайомилися зі здобутками студентів спеціальності     професійна освіта  цифрові технології  у напрямку цифровізації та створення роботизованих систем  островський роман розповів про те  що роботи приймали участь у проектах   vesnasoft  і  agroexpo   після цього учні познайомились з роботом ладифі  студент продемонстрував основний механізм робота  показав як саме відкривається і закривається його щелепа  тим самим здивував присутніх  роман розповів про те  що робот ладифі має власну назву серед колективу    кусака    через його основну функцію кусатися  після цього він продовжив розповідь про те  що робот має спеціальний механізм зі шестернями  який був зібраний за допомогою двох наборів  lego mindstorms ev    наостанок роман ознайомив з програмою  яка забезпечує керування блоком управління кусаки  вона є дуже простою і нагадує шкільну програму  scratch   продемонструвавши ладифі  роман передав слово своєму колезі павлюку денису  який розповів про ще одну розробку від факультету  а саме робота павука валеру  який повністю роздрукований на   d принтері  під час зустрічі учні переглянули відеоролик про переміщення робота по квартирі  почули розповідь про його керування  було поставлене запитання   чому робот павук має назву валера    студент відповів  що під час реалізації проєкту  upshift  їхня команда познайомилася з сусідньою командою  продемонструвавши їм роботів і проєкти  дівчина  валерія  з сусідньої команди запитала ім я робота павука  в якого на той час не було імені  ось так наш робот павук називається валера  велику зацікавленість у присутніх викликала інформація про те  що студенти активно співпрацюють з відділом протидії кіберзлочинам в кіровоградській області департаменту кіберполіції нпу  денис розповів за проєкт  мрія   ознайомив глядачів з відеоматеріалом від департаменту кіберполіції  запропонував приєднатися до телеграм каналу  https   t me stopdrugsbot   і наостанок розповів про гурток робототехніки для учнів  який ось ось розпочне свою діяльність в нашому університеті  слідкувати за перебігом підготовки до відкриття гуртка робототехніки для учнів можна на телеграм каналі  https   t me krop robots   інформацію підготували студенти групи цт  б денис павлюк та роман островський  ",1,0,-1
219,"студент з групи цт  б павлюк денис спеціальності     професійна освіта  цифрові технології  факультету математики  природничих наук та технологій центральноукраїнського державного університету імені володимира винниченка на волонтерських засадах прийняв активну участь у серії заходів щодо співпраці нашого університету з відділом протидії кіберзлочинам в кіровоградській області департаменту кіберполіції національної поліції україни  заходами були охоплені наступні заклади освіти кіровоградщини       лютого      року павлюк денис провів зустріч у онлайн форматі на платформі  zoom  зі студентами донецького національного медичного університету  він продемонстрував абітурієнтам разом з представником департаменту кіберполіції нпу проєкт    мрія   презентувавши сам проєкт  наприкінці зустрічі денис розповів  що він є засновником волонтерської команди  krop base   та чим саме вони займаються в напрямку  мрія   також кожний охочий  має змогу долучиться  та стати членом команди  цього ж дня в межах тижня безпечного інтернету павлюк денис відвідав центральноукраїнське вище професійне училище імені миколи федоровського  студент розповів про те як саме працює проєкт та наголосив  що кожен може стати кібер воїном  та робити інтернет простір чистішим       лютого      року студент та волонтер від центральноукраїнського державного університету імені володимира винниченка разом із представниками департаменту кіберполіції нпу завітали до кропивницького професійного ліцею сфери послуг і торгівлі  де презентували проєкт  мрія  та відповідали на питання учасників заходу  так  глядачам була показана презентація  під час якої денис розповідав про проєкт  мрія   який був створений з метою боротьби з ворожими інформаційними ресурсами  здобувачів освіти ознайомили з телеграм   каналом проєкту  а також було наголошено про його важливість на сьогоднішній час  велику зацікавленість у присутніх викликала інформація про те  що студенти центральноукраїнського державного університету імені володимира винниченка активно співпрацюють з відділом протидії кіберзлочинам в кіровоградській області департаменту кіберполіції нпу  денис ознайомив глядачів з відео матеріалом від департаменту кіберполіції  а також запропонував бажаючим долучитися до бота  https   t me stopdrugsbot   завдяки якому вони можуть допомогти в боротьбі на інформаційному фронті  вкінці  він наголосив  що  кожен українець   воїн на своєму фронті  а наш фронт   інформаційний      лютого денис також відвідав регіональний центр професійної освіти ім  о с  єгорова  він ознайомив глядачів зі своєю презентацією щодо проекту мрії  а також запропонував долучитися до протидії ворожій пропаганді за допомогою бота у телеграмі  здобувачі освіти за допомогою своїх мобільних пристроїв перейшли за qr кодом з презентації до каналу  і ознайомилися з ботом       лютого      року захід до тижня безпечного інтернету відбувся в ліцеї  вікторія п   денис ознайомив учнів за допомогою презентації з проєктом  мрія   розповів про кіберфронт і те  яку роль виконує  мрія  на сьогодні  наскільки вона важлива у протидії ворожим інформаційним ресурсам  денис ознайомив глядачів з відео матеріалом від департаменту кіберполіції нпу і запропонував бажаючим долучитися до бота за допомогою qr коду  завдяки якому вони можуть перейти за посиланням і почати якнайшвидше допомагати в боротьбі на інформаційному фронті  вкінці  студент наголосив  що  кожен українець   воїн на своєму фронті  а наш фронт   інформаційний        лютого      року денис разом з інспектором департаменту кіберполіції нпу відвідав комунальний заклад  навчально виховне об єднання  загальноосвітній навчальний заклад і ііі ступенів       дитячий юнацький центр  лідер  кіровоградської міської ради   представивши себе учням  волонтер від центральноукраїнського державного університету імені володимира винниченка  розпочав демонстрацію проєкту  мрія  разом з інспектором  розповівши про те  яка роль  мрії  на кіберфронті  учні з великим бажанням почали долучатися до телеграм каналу  stoprussiachannel   mriya   і ознайомлюватися з ботом  який займається блокуванням ворожих ресурсів  наприкінці зустрічі здобувачі освіти поставили запитання до студента  і це є ознакою того  що слухачам було цікаво  варто зазначити  що центральноукраїнський державний університет імені володимира винниченка славний своїми     літніми традиціями здійснює підготовку фахівців  які готові до викликів сьогодення  лише спільними зусиллями ми зможемо здолати ворога  разом до перемоги  інформацію підготували студенти групи цт  б денис павлюк та роман островський  ",1,3,2
222,"студент   курсу центральноукраїнського державного університету імені володимира винниченка спеціальності професійна освіта  цифрові технології  денис павлюк разом з інспектором відділу протидії кіберзлочинам в області олександром ляпуном відвідали українське радіо  суспільне   метою візиту було поширення платформи  mriya   яка створена для об єднання проєктів розроблених у синергії кіберполіції україни та волонтерів  основною метою каналу є блокування російської пропаганди  під час спілкування радіоведуча наталя сметанко ставила питання про реалізацію проєкту  найважливішим питанням до дениса було  як відбувається співпраця студентів університету з департаментом кіберполіції національної поліції україни  відповідаючи на запитання він зазначив  що він створив волонтерську команду  kropbase   яка об єднує небайдужих студентів нашого університету  за результатами роботи   студентів отримали подяки від начальника департаменту кіберполіції юрія виходця  співпраця дениса відбувається на основі підписаного договору між центральноукраїнським державним університетом імені володимира винниченка та кіберполіцією  в ефір вийшов запис першого лютого      року об        на хвилі       кожний охочий може долучитися до проєкту мрія  про який говорив денис разом з інспектором олександром  для зручності  залишаємо посилання на проєкт   https   t me  ebxzhbfhxbszy i   долучайтесь до проєкту  адже кожен українець на своєму фронті   воїн  а наш фронт   інформаційний  інформацію підготував студент групи цт  б денис павлюк  ",0,1,1
223,"виробнича  педагогічна  практика є невід ємною складовою освітнього процесу  вона забезпечує поєднання теоретичної підготовки майбутніх учителів з їх практичною діяльністю у закладах загальної середньої освіти  сприяє формуванню творчого ставлення майбутнього фахівця до педагогічної діяльності  визначає ступінь його професійної придатності і рівень сформованих компетентностей  саме до цього відповідального етапу своєї професійної підготовки дійшли студенти   курсу денної та заочної форм навчання  які здобувають фах за освітніми програмами  середня освіта  біологія та здоров я людини  хімія   середня освіта  природничі науки   середня освіта  хімія  біологія та здоров я людини      лютого      року в режимі онлайн відбулася настановча конференція  на заході були присутні студенти зазначених вище освітніх програм та методисти  з фізики   проф  о м  трифонова  керівник практики студентів спеціальності середня освіта  природничі науки   хімія   доц  т о  форостовська  керівник практики студентів спеціальності середня освіта  хімія  та проф  в м  плющ  біологія   проф  г в  дефорж  керівник практики студентів спеціальності середня освіта  біологія  заочна форма навчання  та проф  н а  калініченко  керівник практики студентів спеціальності середня освіта  біологія  денна форма навчання   педагогіка   доц  т о  кравцова  психологія   доц  с к  мельничук  усіх студентів ознайомили з інструкцією з техніки безпеки під час проведення навчальної та виробничої практики  пояснили загальні аспекти та терміни проведення практики  далі кожен із методистів детально зупинилися на своєму освітньому компоненті та надали студентам детальні пояснення  під час настановчої конференції відчувалося хвилювання і захоплення студентів перед важливим кроком їхнього навчання  студенти були дуже зацікавлені та задавали купу питань  бажаємо всім студентам успіхів на педагогічній практиці  інформацію підготували проф  г в  дефорж та проф  о м  трифонова  ",0,1,1
224,"історія  власне  не існує  існують тільки біографії  ральф волдо емерсон  американський історик і філософ xix ст  такий епіграф біобібліографічного довідника  історики аграрної науки  освіти та техніки в україні  історико бібліографічної серії  аграрна наука україни в особах  документах  бібліографії   книга      видання присвячене перебігу подій  фактів  пов язаних з інститутом історії аграрної науки  освіти та техніки національної наукової сільськогосподарської бібліотеки національної академії аграрних наук україни впродовж    років його існування від створення до сьогодення  у біобібліографічному довіднику представлені дані про наукові видання  що вийшли у бібліографічних серіях  заснованих ннсгб наан та наведена коротка інформація про     вчених істориків аграрної науки  освіти та техніки україни  однією з представлених вчених є доктор історичних наук  доцент кафедри природничих наук і методик їхнього навчання  професор дефорж ганна володимирівна  в довіднику наведено творчий шлях  наукові здобутки  професійна діяльність вченої  окремо зазначено  що ганна володимирівна є двічі випускницею нашого університету  більшість наукових статей  тез конференцій  монографій  навчально методичний посібник пов язані з історією становлення та розвитку біології в україні  результати своїх двадцятирічних досліджень доцент кафедри  професор дефорж г в  презентує під час викладання навчальних дисциплін   історія біології    історія науки і техніки    історія формування світогляду в біології    теорія еволюції   інформацію надала доктор історичних наук  доцент кафедри природничих наук і методик їхнього навчання  професор дефорж г в   ",1,0,-1
225,"центральноукраїнський державний університет імені володимира винниченка вже багато років підтримує міжнародні наукові та освітянські зв язки із польським закладом вищої освіти сілезькою академією  назва до листопада      р    вища технічна школа в катовіце         січня      року відбулася iv міжнародна наукова конференція  роль науки та освіти в забезпеченні сталого розвитку  організаторами якої була сілезька академія  наш університет виступив співорганізатором конференції  до наукового комітету конференції увійшла клочек лілія валентинівна  проректор з наукової роботи  доктор психологічних наук  професор  до організаційного комітету   садовий микола ілліч  завідувач кафедри технологічної та професійної освіти  доктор педагогічних наук  професор та абрамова оксана віталіївна  кандидат педагогічних наук  доцент  до виступу на пленарному засіданні було запрошено професора лілію валентинівну клочек  яка привітала міжнародних та вітчизняних партнерів  організаторів та учасників конференції  наші викладачі модерували роботу секційних засідань  освіта для сталого розвитку  міждисциплінарний підхід   микола ілліч садовий  секція   d   оксана віталіївна абрамова  секція   а  та наталя василівна мироненко  секція   f   із актуальними доповідями до роботи конференції долучилися викладачі кафедри технологічної та професійної освіти та здобувачі спеціальності середня освіта  трудове навчання та технології  факультету математики  природничих наук та технологій   цифровий технічний засіб навчання   як основний компонент техногенного середовища в умовах сталого розвитку   садовий микола ілліч  завідувач кафедри технологічної та професійної освіти  доктор педагогічних наук  професор  соменко дмитро вікторович  кандидат педагогічних наук  старший викладач  трифонова олена михайлівна  доктор педагогічних наук  професор   особливості застосування сучасних освітніх технологій в процесі едукації здобувачів освіти   абрамова оксана віталіївна  кандидат педагогічних наук  доцент   залучення студентів до творчої діяльності як засіб розвитку  soft skills   мироненко наталя василівна  кандидат педагогічних наук  доцент   використання сучасних pr технологій при управлінні проєктами   пуляк ольга василівна  кандидат педагогічних наук  доцент   формування інноваційного мислення здобувачів освіти під час реалізації проєктів з технології виробів легкої промисловості   парфьонова олександра віталіївна  студентка і курсу магістратури факультету математики  природничих наук та технологій   формування дослідницький умінь старшокласників на уроках технологій   приходько ірина геннадіївна  студентка і курсу магістратури факультету математики  природничих наук та технологій   упровадження інформаційно комунікаційних технологій в закладах освіти  педагогічний процес  управління  методична та інформаційна робота   суріна тетяна вікторівна  студентка і курсу магістратури факультету математики  природничих наук та технологій  проведення спільних наукових заходів із міжнародними партнерами сприяє інтеграції університету у загальноєвропейський освітній простір  поглибленню довгострокових відносин із закордонними партнерами  посиленню співробітництва у сфері реалізації інноваційних наукових досліджень  поширенню наукових знань та професійному росту науково педагогічних працівників і здобувачів університету  program   th international scientific conference  role of science and education in sustainable development   january              academy of silesia  katowice  poland інформацію надано співорганізаторами конференції  кафедрою технологічної та професійної освіти  ",2,2,0
226,"   січня      року в актовій залі центральноукраїнського державного університету імені володимира винниченка відбулось вручення дипломів магістрам факультету математики  природничих наук та технологій  вручення дипломів з відзнакою відбувалося за участі ректора університету професора є ю соболя  всіх випускників вітали декан доцент т в фурсикова та завідувачі кафедр  самі магістри щиро дякували викладачам за знання та за всі проведені разом роки  шановні магістри  хай ваша дорога життя буде легкою та цікавою  сповненою захоплюючих пригод  неймовірних відкриттів і неперевершених звершень  натхнення вам  наполегливості  професійних здобутків  особистих перемог  реалізації задумів і творчих планів  безмежно дякуємо зсу за можливість навчатися та провести захід  слава зсу  слава україні  більше фото за посиланням  https   drive google com drive folders    pm dc ps ev dmej dyb focftzzm  usp share link інформацію підготувала студентська рада факультету  ",0,2,2
227,"      грудня      року на кафедрі математики та методики її навчання завершилась атестація студентів другого  магістерського  рівня вищої освіти спеціальності     освітні  педагогічні науки  у результаті якого студентам було присвоєно кваліфікацію  магістр освітніх  педагогічних наук за спеціалізацією  освітні вимірювання  гендерні студії  науковий аспект   професіонал в галузі інформації та інформаційний аналітик   екзамен та захист проходили в дистанційному режимі з використанням платформи google classroom та з обов язковою ідентифікацією особистості студента  головою ек була доктор педагогічних наук  доцент чередніченко наталя юріївна  члени ек доценти ботузова юлія володимирівна та яременко людмила іванівна  екзаменатори професор пасічник наталя олексіївна  доценти акбаш катерина сергіївна та лупан ірина володимирівна  секретарем комісії   старший викладач луньова марія валентинівна     грудня відбувся екзамен з дисциплін професійного підготовки  а саме  конструювання  моделювання та параметризація тестів  теорія і методика навчання освітніх вимірювань  кількісні методи у соціально поведінкових науках та науках про освіту  історія та теорія оцінювання і вимірювання в освіті  національні та міжнародні моніторингові дослідження якості освіти  основи гендерних досліджень  статистичні показники гендерної рівності  вибіркові обстеження у психології  соціології та педагогіці  випускники якісно продемонстрували  як здійснювати статистичну обробку результатів тестування  оцінку надійності  валідності  диференційованої здатності тесту  перевірку відповідності параметрів математичної моделі тесту до реальних даних тощо     грудня пройшов захист кваліфікаційних робіт  тематика магістерських робіт була актуальною  різноманітною  з належним науковим рівнем  відповідала сучасному стану науки  анастасія пуляк проаналізувала сучасне міжнародне та вітчизняне законодавство у сфері забезпечення гендерної рівності та запобіганню гендерної дискримінації  з ясувала пріоритетні напрями подальшого розвитку гендерного складника вищої освіти  магістрантка здійснила термінологічний аналіз та обгрунтування ключових понять  що складають теоретико методологічне підгрунтя дослідження формування гендерної компетентності майбутніх учителів трудового навчання та технологій  дослідниця визначила пріоритети просування до гендерної рівності та формування гендерної компетентності в системі вищої освіти при підготовці учителів трудового навчання та технологій  магістрант денис чубчик висвітлив значущий досвід просування до гендерної рівності  який мав місце при реалізації дослідницьких проєктів з гендерної освіти протягом останнього десятиріччя  проаналізував негативний вплив на ефективність освіти  прихованого навчального плану   у кваліфікаційній роботі представлено розроблену й апробовану методику  гендерного аналізу освітнього простору   що передбачала оцінювання за визначеними питаннями індикаторами настінного простору в рекреаційних зонах школи та настінної наочності в навчальних приміщеннях  основні результати дослідження виявили гендерну сегрегацію  домінування гендерних стереотипів і упереджень в освітньому просторі та в системі комунікації на уроках у закладі освіти  антон буткевич визначив психолого педагогічні передумови та методичні вимоги до організації підготовки здобувачів освіти до зно на курсах цду імені володимира винниченка  магістрант  враховуючи основні відомості про моделювання та параметризацію тестів засобами irt  сконструював тестові завдання для діагностичного  поточного та підсумкового оцінювання рівня підготовки слухачів курсів до зно з математики та розробив методичні рекомендації для здобувачів освіти щодо якісної підготовки до зно з математики  артем вернигора дослідив динаміку складових показників індексу гендерної рівності в єс  пояснив соціально економічні процеси в єс  які вплинули на формування цих складових та комлексне значення індексу гендерної рівності в єс  особливу увагу магістрант приділив освітньому блоку показників індексу гендерної рівності в єс  дослідив освітні процеси у контексті гендерної рівності у доступі до освіти в єс  дослідник якісно продемонстрував роботу професіонала у галузі інформації  аналітика  здатного працювати із міжнародними аналітичними звітами та базами даних  магістрант резінов артем побудував та апробував модель раша мастерса результатів тестового контролю комплексу завдань сертифікації нмт за напрямом  математика   всі випускники в своїх дослідженнях ефективно використовували сучасні інформаційні технології  магістерські роботи всіх випускників виконані за реальними завданнями     січня      року випускникам спеціальності     освітні  педагогічні науки вручили дипломи магістрів  всіх випускників привітали ректор університету  доктор юридичних наук  професор  заслужений діяч науки і техніки україни євген соболь та заступниця голови кіровоградської обласної військової адміністрації катерина колтунова  вони наголосили  що пишаються випускниками  які є елітою нашої нації  і мають надію  що вони докладуть максимум зусиль для розбудови нашої держави  щиро вітаємо випускників  бажаємо подальших успіхів у роботі на благо україни  інформацію підготувала старший викладач кафедри математики та методики її навчання луньова м в   ",3,5,2
228,"   січня   день пам яті захисників донецького аеропорту  гаслом героїчної оборони наших захисників стало фраза   вистояли люди   не вистояв бетон   цього дня      року всі небайдужі та активні громадяни нашого міста  зокрема  і студенти факультету математики  природничих наук та технологій зібралися у краєзнавчому музеї  вшанували пам ять мужніх захисників і ще раз нагадали про те  що це лише одна з тисяч сторінок книги  яку ми ще пишемо   перед присутніми виступили катерина колтунова  сергій мілютін  юрій митрофаненко  денис бірзул із авторською піснею  особлива подяка та шана вадимові довгоруку  після зустрічі можна було ознайомитися з тематичною виставкою  ми свідки історії героїчної боротьби за незалежність своєї країни     січня      року ми відзначаємо одне з знакових свят української держави   день соборності україни  цей день проводять під синьо жовтими прапорами  з яких починалася історія сучасної україни  з нагоди дня соборності заступником декана о м трифоновою та головою студентської ради факультету дар я решетнікова зі студентами були проведені тематичні бесіди  куратори груп долучилися до відзначення дня соборності та запропонували студентам ряд тематичних годин кураторів  наприкінці січня вшановується річниця бію під крутами  який був успішним для оборонців української державності   наказ командування було виконано  стрімкий наступ ворога було зупинено і здійснено організований відступ  руйнуючи за собою колії й мости та ще раз доводячи незламність українського духу  нині боротьба українського народи триває  вічна слава героям  слава україні  інформацію підготували заступник декана о м трифонова та голова студентської ради факультету дар я решетнікова  ",1,3,2
229,"      січня      року проходив ііі  обласний  етап всеукраїнської учнівської олімпіади з астрономії  до участі в змаганнях було залучено понад    учнів       класів загальноосвітніх навчальних закладів кіровоградської області   переможців іі етапу  цього року олімпіада проходила в дистанційному режимі  учасникам на початку роботи надіслали завдання і визначили граничний час подачі розв язків  учням було запропоновано розв язати ряд теоретичних завдань із різноманітних тем шкільного курсу астрономії  астрометрія  небесна механіка  астрофізика   а також практичне завдання  яке полягало в обробці наданих їм результатів космічних спостережень  у складі журі олімпіади пліч о пліч з досвідченими освітянами області активно працювали викладачі кафедри природничих наук і методик їхнього навчання цду ім  в  винниченка  волчанський о в    кандидат фізико математичних наук  доцент   голова журі  трифонова о м  доктор педагогічних наук  доцент   член журі  садовий м і    доктор педагогічних наук  професор   експерт консультант  на початку роботи журі визначило правила перевірки і критерії оцінювання робіт  по закінченню часу  відведеного для надсилання виконаних завдань і їх шифрування  розпочалась перевірка робіт учасників  оскільки олімпіада дистанційна  то за допомогою ноутбуків розглядались електронні копії робіт  аналізувалось також дотримання академічної доброчесності  апробація дистанційного режиму проведення олімпіади пройшла успішно  в результаті перевірки виконаних завдань визначено переможців і призерів  гідно виступила команда фізико астрономічного гуртка нашого наукового ліцею у складі   учнів  яка посіла два призових місця  а саме  дипломом і ступеня відзначено скічка михайла  учня    фізико математичного класу  дипломом іі ступеня відзначено шевченка віталія  учня    фізико математичного класу  вітаємо переможців із важливим здобутком  бажаємо впевнено рухатись по обраному шляху і постійно підкорювати все нові наукові вершини  інформацію підготував доцент кафедри природничих наук і методик їхнього навчання о в  волчанський  ",2,6,4
231,"моніторинг та постійне удосконалення системи вищої освіти є однією з умов підвищення її якості  з метою удосконалення освітньо професійної програми  середня освіта  природничі науки   підготовки здобувачів першого  бакалаврського  рівня вищої освіти спеціальності        середня освіта  природничі науки  відбулася зустріч гаранта програми д пед н   професора  доцента кафери природничих наук та методик їхнього навчання валентини миколаївни плющ з зовнішніми стейкхолдерами   колегами практиками провідних закладів загальної середньої освіти міста  до зустрічі долучилися  антоніна олександрівна паращук шонія   комунальна установа  міський центр професійного розвитку педагогічних працівників кропивницької міської ради   консультант  координатор діяльності професійних спільнот вчителів хімії  біології  географії  основ здоров я  трудового навчання  наталія олексіївна прокопець   вчитель біології та хімії нво лшднз  вікторія п   вчитель вищої категорії   вчитель методист   тетяна олексіївна школенко   вчитель хімії та біології нво лшднз  вікторія п   вчитель вищої категорії   вчитель методист   оксана в ячеславівна моторна   вчитель хімії та біології кз  ліцей  сокіл   вчитель першої категорії   старший вчитель   переможець конкурсу  вчитель року   номінація  біологія     місце  під час обговорення увагу акцентовано на особливостях та перевагах програми  логіко структурній схемі  у якій наведено освітні компоненти та взаємозв язки між ними  програмні результати навчання та відповідність зазначених компетенцій сучасним запитам суспільства  предметом обговорення також були пропозиції та зауваження на проєкт оп  запропоновані для громадського обговорення стейкхолдери висловили свої побажання щодо удосконалення програми відповідно до сучасних запитів ринку  інформація надана валентиною миколаївною плющ  ",0,1,1
232,"різдво та канун нового року   найкращий час для популяризації центральноукраїнського державного університету та основних спортивно оздоровчих традицій нашого міста     грудня      року представники нашого університету факультетів фізичного виховання н і щербатюк та математики  природничих наук та технологій а в зарубіна виступили співорганізаторами чемпіонату міста зі спортивного орієнтування разом з обласною станцією туризму  ознайомили присутніх учасників із сучасними змінами статуту нашого університету та актуальними перспективними спеціальностями  на зустрічі були присутні понад    учасників шкільного віку із піщанобрідської  знам янської  ганівської  новгородківської отг та м  кропивницького  інформацію надано кафедрою природничих наук та методик їхнього навчання  ",0,1,1
233,"наприкінці грудня      року на факультеті математики  природничих наук та технологій центральноукраїнського державного педагогічного університету імені володимира винниченка відбулася державна атестація студентів спеціальності середня освіта  трудове навчання та технології  другого  магістерського  рівня вищої освіти  згідно розкладу державної атестації    грудня      р  студенти складали державний іспит  а    грудня      р    захищали магістерську роботу  екзаменаційна комісія у складі     голова ек олена михайлівна трифонова   доцент кафедри технологічної та професійної освіти  доктор педагогічних наук  доцент     секретар ек тетяна володимирівна куценко   старший викладач кафедри технологічної та професійної освіти     микола ілліч садовий   завідувач кафедри технологічної та професійної освіти  доктор педагогічних наук  професор   екзаменатор  сучасні конструкційні матеріали та нанотехнології      василь васильович чубар   доцент кафедри технологічної та професійної освіти  кандидат педагогічних наук  доцент   екзаменатор  теорія і методика навчання технологій у старшій школі      дмитро вікторович соменко   старший викладач кафедри технологічної та професійної освіти  кандидат педагогічних наук   член комісії оцінила здобутки студентів на екзамені та встановила  що в цілому студенти спеціальності середня освіта  трудове навчання та технології  оволоділи програмним матеріалом дисциплін  які вивчали за навчальним планом спеціальності  рівень сформованості знань  умінь  навичок і компетентностей відповідає вимогам освітньо професійної програми підготовки магістрів  на захист кваліфікаційних робіт були винесені такі  дмитро геннадійович берест тема  методика організації проєктно технологічної діяльності на уроках технологій  науковий керівник  щирбул олександр миколайович  кандидат педагогічних наук  старший викладач кафедри технологічної та професійної освіти  вікторія сергіївна брезгіна тема  удосконалення методики і техніки при вивченні основ автоматики і робототехніки в шкільному курсі технології  науковий керівник  кононенко сергій олексійович  кандидат педагогічних наук  доцент кафедри технологічної та професійної освіти  анастасія володимирівна власова тема  розвиток інформаційно цифрової компетентності у процесі проєктно технологічної діяльності на уроках технологій  науковий керівник  рябець сергій іванович  кандидат технічних наук  доцент кафедри технологічної та професійної освіти  анжеліка ігорівна погрібна тема  методика формування цифрової компетентності на уроках трудового навчання та технологій в умовах розвитку техногенного середовища  науковий керівник  садовий микола ілліч доктор педагогічних наук  професор  зав  кафедрою технологічної та професійної освіти  олександр андрійович печерський тема  методика використання елементів stem освіти на уроках технологій  науковий керівник  щирбул олександр миколайович  кандидат педагогічних наук  старший викладач кафедри технологічної та професійної освіти  наталія геннадіївна приходько тема  використання технологій дистанційного та змішаного навчання у організації проєктно технологічної діяльності учнів на уроках  технології   науковий керівник  кононенко сергій олексійович  кандидат педагогічних наук  доцент кафедри технологічної та професійної освіти  крістіна сергіївна старостенко тема  методика візуалізації навчальних матеріалів учнів на уроках технологій  науковий керівник  мироненко наталя василівна  кандидат педагогічних наук  доцент  старший викладач кафедри технологічної та професійної освіти  артем костянтинович стець тема  методика вивчення тем розділу  машинобудівні матеріали  метали та сплави  старшокласниками під час профільного навчання за спеціалізацією  металообробка   науковий керівник  ткачук андрій іванович  кандидат технічних наук  доцент кафедрою технологічної та професійної освіти  тетяна сергіївна шевченко тема  методика використання міжпредметних зв язків на уроках технологій  науковий керівник  рябець сергій іванович  кандидат технічних наук  доцент кафедрою технологічної та професійної освіти  наталія олександрівна цимбал тема  методика використання онлайн сервісів на уроках технологій  науковий керівник  рябець сергій іванович  кандидат технічних наук  доцент кафедри технологічної та професійної освіти  на захисті переважна більшість студентів показали глибоке розуміння проведених ними досліджень  на належному рівні презентували отримані результати  всі студенти мають публікації за результатами магістерського дослідження та здійснили його апробацію на конференціях  за результатами складання державного екзамену та захисту магістерської роботи комісія прийняла рішення  що випускники факультету математики  природничих наук та технологій спеціальності      середня освіта  трудове навчання та технології  денної форми навчання другого  магістерського  рівня вищої освіти в цілому достатньо підготовлені до роботи на посадах вчителя трудового навчання  технологій та креслення закладу загальної середньої освіти  двом студенткам  анжеліка ігорівнапогрібна  тетяна сергіївна шевченко  комісія прийняла рішення видати дипломи з відзнакою  інформацію підготувала д пед н   проф  о м трифонова  ",1,2,1
234,"   та    грудня на факультеті математики  природничих наук та технологій відбулися традиційні атестаційні заходи випускників магістрів спеціальності      комп ютерні науки   комплексний екзамен з комп ютерних наук та захист кваліфікаційних робіт  виконання випускної кваліфікаційної роботи студента є завершальним етапом освітньої програми  ефективною формою перевірки знань студента  його творчої і практичної підготовленості до практичної і аналітичної роботи  важливим засобом доведення досягнутого фахового рівня в обраній галузі знань  комісією було розроблено процедуру дій з використанням електронних ресурсів google meet та змішаним форматом засідання приймальної комісії у аудиторії      випускники магістратури успішно пройшли екзамен та захист  продемонструвавши необхідний рівень сформованості фахових компетенцій  кваліфікаційні роботи стосувались різноманітних напрямків іт галузі  розробка систем керування  серверних додатків  комп ютерного моделювання  колектив кафедри інформатики та інформаційних технологій вітає своїх випускників з успішною атестацією  інформацію підготувала доцент кафедри інформатики та іт о в присяжнюк  ",0,1,1
235,"   грудня відбувся студентський ректорат  ректор подякував студентам за пророблену роботу протягом року та вручив подяки за активну участь у профорієнтаційній роботі в      навчальному році  значний внесок у розвиток і організацію творчих студентський проектів  втілення молодіжних креативних ідей та популяризацію університету в соціальних мережах  від факультету математики  природничих наук та технологій нагороди отримали  тєльна аліна  гордієнко юлія  мельніков сергій  махальов владислав  оришечко дмитро  холодний юрій  павлюк денис  островський роман  також від управління молоді та спорту вручили солодкі подарунки  інформація студентської ради факультету  ",0,1,1
236,"протягом листопада   грудня      року тривало обговорення освітньо професійної програми зі спеціальності професійна освіта  цифрові технології   проєкти освітніх програм розташовані на офіційному сайті університету    перший  бакалаврський  рівень вищої освіти    другий  магістерський  рівень вищої освіти  в обговоренні взяли участь бевз анна володимирівна  викладач кропивницького інженерного фахового коледжу цнту  корецький олександр валерійович  web developer в компанії з розробки програмного забезпечення kopentech  ковальов юрій григорович  кандидат технічних наук  доцент кафедри фізико математичних дисциплін льотної академії національного авіаційного університету  кривошея ростислав вікторович  викладач математики  кропивницький будівельний фаховий коледж  войтович ігор станіславович  доктор педагогічних наук  професор  завідувач кафедри інформаційно комунікаційних технологій та методики викладання інформатики рівненського державного гуманітарного університету  член групи з проведення фахової експертизи стандарту вищої освіти зі спеціальності професійна освіта  за спеціалізаціями   наказ мону       від              слободяник ольга володимирівна  кандидат педагогічних наук  старший науковий співробітник відділу технологій відкритого навчального середовища інституту цифровізації освіти напн україни  вергун ігор вячеславович  onix systems  посада flutter developer  мажара олександр васильович  вчитель фізики та інформатики  керівник stem центру школи     кз  ліцей науковий   білецький вячеслав вячеславович  кандидат педагогічних наук  викладач кафедри інформаційно комунікаційних технологій та методики викладання інформатики рівненського державного гуманітарного університету  член науково методичної комісії  підкомісії     професійна освіта  за спеціальностями   сектору фахової передвищої освіти науково методичної ради мон україни  наказ мону      від              до обговорення долучилися і здобувачі освіти  зокрема  жерновий артем учень школи     кз  ліцей науковий  та залевський андрій студент спеціальності професійна освіта  цифрові технології   другого  магістерського  рівня вищої освіти  всі фахівці висловили слушні пропозиції  до проєктів освітньо професійних програм та сприяють їхньому удосконаленню у майбутньому  інформацію підготувала доцент о м трифонова  ",2,0,-2
237,"у грудні      року відбувся іі  міський  етап всеукраїнських учнівських олімпіад з фізики     грудня  і астрономії     грудня   змагання пройшли в очному форматі з дотриманням всіх відповідних вимог безпеки  у складі журі олімпіади активно працювали викладачі факультету математики  природничих наук та технологій цду ім  в  винниченка  доценти кафедри природничих наук і методик їхнього навчання о  о  чінчой і о  в  волчанський  за результатами перевірки виконаних учнями завдань було визначено переможців міського та учасників обласного етапу олімпіади  серед переможців є й учні  підготовлені вчителями наукового ліцею   співробітниками кафедри природничих наук і методик їхнього навчання  призери з фізики  учень   го класу чередніченко сергій  вчитель   завідувач лабораторіями н  в  донець    диплом іі ступеня  учень    го класу скічко михайло  вчитель   доцент о  в  волчанський    диплом і ступеня  учениця    го класу лисенко марія  вчитель   доцент о  в  волчанський    диплом іі ступеня  учень    го класу шевченко віталій  вчитель   доцент о  о  чінчой    диплом іі ступеня  учень    го класу дмитро ситник  вчитель   доцент о  о  чінчой    диплом ііі ступеня  призери з астрономії  всіх підготував доцент о  в  волчанський   учень    го класу скічко михайло   диплом і ступеня  учень    го класу гонтовий назар   диплом іі ступеня  учениця    го класу лисенко марія   диплом ііі ступеня  учень    го класу шевченко віталій   диплом і ступеня  учні    го класу ситник дмитро і московчук данило   дипломи іі ступеня  тож вітаємо переможців олімпіад  бажаємо учням та їхнім учителям подальших успіхів і творчих злетів  інформацію підготував доцент кафедри природничих наук і методик їхнього навчання о в волчанський  ",0,2,2
240,"з    листопада до    грудня      року на факультеті математики  природничих наук та технологій центральноукраїнського державного університету імені володимира винниченка тривала xіv міжнародна науково практична інтернет конференція  проблеми та інновації в природничо математичній  технологічній і професійній освіті   керівник робочої групи оргкомітету конференції м і садовий   доктор педагогічних наук  професор  завідувач кафедри технологічної та професійної освіти центральноукраїнського державного університету імені володимира винниченка  під час конференції обговорювалися актуальні питання освіти та науки на сучасному етапі розвитку суспільства  секція    історія  зарубіжний та вітчизняний досвід  перспективи розвитку природничо математичної  технологічної та професійної освіти  секція    інновації в освіті  методологічні  теоретичні  практичні та методичні аспекти  секція    застосування інформаційно комунікаційних і цифрових технологій та засобів навчання у природничо математичній  технологічній та професійній освіті  секція    формування soft skills здобувачів професійної освіти  теорія і практика  секція    теоретико методологічні та психолого педагогічні аспекти формування професійної компетентності студентів та учнів у процесі навчання  секція    актуальні проблеми освіти й технологій у середній та вищій школі  секція    особливості створення та використання систем автоматизованого проектування  робототехнічних і мехатронних систем в освітньому процесі  пленарне засідання конференції відбулося    грудня      року в онлайн режимі  цікаві доповіді на пленарне засідання презентували  ніколаєнко станіслав миколайович   ректор національного університету біоресурсів і природокористування україни  доктор педагогічних наук  професор  академік національної академії педагогічних наук україни   про тенденції розвитку освіти в україні      мартинюк михайло тадейович   доктор педагогічних наук  професор  академік національної академії педагогічних наук україни  заслужений працівник освіти україни  завідувач кафедри фізики та інтегративних технологій навчання природничих наук уманського державного педагогічного університету імені павла тичини   використання засобів мобільного навчання на уроках фізики в закладах загальної середньої освіти   головко микола васильович   доктор педагогічних наук  старший науковий співробітник  доцент  заступник директора з наукової роботи інституту педагогіки напн україни   перспективи розвитку фізичної освіти в україні   сергеєва лариса миколаївна   доктор педагогічних наук  професор  завідувач кафедри професійної та вищої освіти державного закладу вищої освіти  університет менеджменту освіти  національної академії педагогічних наук україни   оновлення моделей і практик організації дослідно експериментальної роботи у зп пт о   титаренко валентина петрівна   доктор педагогічних наук  професор  заслужений діяч науки і техніки україни  декан факультету технологій та дизайну полтавського національного педагогічного університету імені в г короленка   особливості освітніх реформ в україні   дефорж ганна володимирівна   доктор історичних наук  професор  професор кафедри природничих наук і методик їхнього навчання центральноукраїнського державного університету імені володимира винниченка   проблеми формування наукового світогляду студентів під час вивчення навчальних дисциплін природничих спеціальностей   школьний олександр володимирович   доктор педагогічних наук  професор  професор кафедри математики і теорії та методики навчання математики нпу імені м п драгоманова   типові задачі при підготовці до зно з математики  тригонометричні вирази   гайда василь ярославович   доктор філософії  методист тернопільського обласного комунального інституту післядипломної педагогічної освіти   проблема формування stem орієнтованого освітнього середовища і в системі післядипломної педагогічної освіти   левченко людмила олексіївна   заступник завідувача з навчально виховної роботи філії  богданівська загальноосвітня школа  опорного навчального закладу  богданівська загальноосвітня школа і ііі ступенів імені і г ткаченка    національно патріотичне виховання в закладах загальної середньої освіти   чистякова людмила олександрівна   доктор педагогічних наук  доцент  доцент кафедри технологічної та професійної освіти центральноукраїнського державного університету імені володимира винниченка   компетентнісний підхід у розвитку екологічної культури здобувачів освіти   юрженко володимир васильович   доктор педагогічних наук  професор  професор кафедри теорії і методики технологічної освіти та комп ютерної графіки університет григорія сковороди в переяславі   stem  steam  stream освіта і змістові поля загальноосвітніх предметів  можливість паралельного використання або повна інтеграція  заміна    абрамова оксана віталіївна   кандидат педагогічних наук  доцент  доцент кафедри технологічної та професійної освіти центральноукраїнського державного університету імені володимира винниченка   сучасний стан організації дистанційного навчання в освітньому процесі   садовий микола ілліч   доктор педагогічних наук  професор  завідувач кафедри технологічної та професійної освіти  професор кафедри природничих наук і методик їхнього навчання центральноукраїнського державного університету імені володимира винниченка   нормативно правові аспекти підготовки кваліфікаційних робіт магістрів   трифонова олена михайлівна   доктор педагогічних наук  професор  доцент кафедри технологічної та професійної освіти  доцент кафедри природничих наук і методик їхнього навчання  голова ради молодих вчених центральноукраїнського державного університету імені володимира винниченка   особливості використання цифрових технічних засобів навчання при підготовці майбутніх педагогів   сіпій володимир володимирович   кандидат педагогічних наук  провідний науковий співробітник відділу біологічної  хімічної та фізичної освіти інституту педагогіки національної академії педагогічних наук україни   використання документ камери в освітньому процесі   стешенко володимир васильович   доктор педагогічних наук  професор  професор кафедри теорії і практики технологічної та професійної освіти двнз  донбаський державний педагогічний університет    методологічні аспекти технологічної освітньої галузі   слюсаренко віктор володимирович   кандидат педагогічних наук  комунальна установа  міський центр професійного розвитку педагогічних працівників кропивницької міської ради    stem технології  від теорії до практики   шаповалов євгеній борисович   старший науковий співробітник відділу створення навчально тематичних систем знань національного центру  мала академія наук україни    роль мотивації у stem та науковій освіті на прикладі застосування google lens   бевз анна володимирівна   аспірантка кафедри природничих наук і методик їхнього навчання центральноукраїнського державного університету імені володимира винниченка  викладач вищої категорії всп  кропивницький інженерний фаховий коледж центральноукраїнського національного технічного університету    цифровізація навчання курсу фізики і астрономії у закладах фахової передвищої освіти інженерного спрямування   на конференції були також презентовані здобутки студентів спеціальності професійна освіта  цифрові технології   з доповіддю виступив студент групи цт  б іван рябець  підбиваючи підсумки конференції всі учасники мали змогу висловити свою думку та обмінятися досвідом  інформацію підготували д пед н   проф  м і садовий та д пед н   проф  о м трифонова  ",2,1,-1
241,"   грудня      року кз  нво і ііі ступенів  мрія  приймав учасників іі  міського  етапу всеукраїнської учнівської олімпіади з фізики  по завершенню роботи журі доценти кафедри природничих наук і методик їхнього навчання о  о  чінчой та о  в  волчанський ознайомили вчителів шкіл кропивницького  які були членами журі та керівниками команд  з конкурсними пропозиціями цду ім  в  винниченка для абітурієнтів      року  детально розповіли про спеціальності природничо математичного профілю  повідомили про можливості підвищення рейтингу абітурієнта за рахунок участі у предметних олімпіадах цду  інформацію підготував доцент кафедри природничих наук і методик їхнього навчання о в волчанський  ",2,0,-2
242,"за результатами конкурсного відбору трифоновій олені михайлівні  доктору педагогічних наук  доценту  голові ради молодих вчених центральноукраїнського державного університету імені володимира винниченка призначено іменну стипендію верховної ради україни для молодих учених   докторів наук за      рік  постанова верховної ради україни  про призначення у      році іменних стипендій верховної ради україни для молодих учених   докторів наук          ix  https   zakon rada gov ua laws show      ix text  затверджена верховною радою україни    грудня      року  колектив факультету вітає трифонову олену михайлівну з перемогою та бажає подальших творчих успіхів   ",0,1,1
243,"тридцятого листопада      року студенти з групи цт  б спеціальності     професійна освіта  цифрові технології  продовжили приймати участь у заході під назвою  профорієнтаційна презентація університету   делегація студентів та викладачів центральноукраїнського державного університету ім  в  винниченка прибула спочатку до селища соколівське  цей візит став передостаннім із запланованих поїздок до міст і селищ кіровоградської області  щоб презентувати наш університет майбутнім абітурієнтам у      році  під час виступу  студенти островський роман та павлюк денис презентували улюбленого всіма робота   ладифі  а також робота з камерою  ці розробки були зібрані студентами спеціальності     професійна освіта  цифрові технології  під керівництвом викладача робототехніки соменка дмитра вікторовича  глядачам було запропоновано прийняти участь в їх керуванні  під час керування роботів  студенти розповіли про історію створення цих роботів  а також про основні їх функціональні можливості  наприклад  основна функція ладифі   це робити  кусь   а функція робота з камерою   зйомка і пересування вулицею або у задимлених приміщеннях за допомогою інтерфейсу керування на мобільному пристрої  тощо  здобувачів освіти ознайомили з тим  що наші студенти займаються робототехнікою  програмують роботів  а також активно співпрацюють з відділом протидії кіберзлочинам в кіровоградській області департаменту кіберполіції нпу  павлюк денис  особа яка є координатором групи студентів від університету  розповів за проєкт  мрія  та ознайомив глядачів з відео матеріалом від департаменту кіберполіції  а також запропонував бажаючим долучитися до команди  також  студент провів інтерактивне завдання для глядачів  він продемонстрував гру    котяцький драйв   а також запропонував знайти кота  який був на демонстрації екрану за допомогою мобільного пристрою  здобувачі освіти з зацікавленістю долучилися до його завдання  кожен з учасників інтерактивних завдань отримали нагороди від нашого університету  вкінці  денис наголосив за тому  що кожен українець   воїн на своєму фронті  а фронт команди групи студентів від університету   інформаційний  після завершення нашого виступу  здобувачі освіти  а також їх викладачі подякували студентам за демонстрацію розробок від нашого факультету  а також з ознайомленням інформаційного фронту  на наступний день  студенти групи цт  б спеціальності     професійна освіта  цифрові технології  продовжили мандрівку свою кіровоградщиною у заході під назвою  профорієнтаційна презентація університету   делегація студентів та викладачів центральноукраїнського державного університету ім  в  винниченка прибула до наступного пункту призначення у цьому семестрі  а саме   олександрівка  наші студенти підготувалися до виступу створивши міні стенд  який виконував роль виставки роботів  роман та денис вийшли на сцену з роботом ладифі і розпочали презентацію  вони розповіли про виробничу практику групи     професійна освіта  цифрові технології   а також про   d друк і наголосили на тому  що компанія  bayraktar  створює власних безпілотників за допомогою   d друкування  павлюк денис ознайомив глядачів з презентацією  в якій були присутні відео матеріали про те  що таке проєкт  мрія   а також він розповів слухачам  які результати були досягнуті під час роботи з групою студентів нашого університету  паралельно з його розповіддю  роман вирішив використати робота ладифі у дії  і розпочав керувати ним  приблизившись роботом до свого колеги  він обережно наблизився щелепою  кусаки  до його ноги та зробив фірмений    кусь   глядачам це сподобалося  а також запам яталося  після виступу  вся зала наповнилася оплесками  і наші студенти подякували за теплий прийом  після виступу наша делегація університету повернулася на сцену повним колективом  викладачі подякували за візит до їхнього закладу освіти  а також відзначили про те  що навіть у такий важкий час  ми   рухаємося вперед  ось так і завершився  марш роботів кіровоградщиною        але у наступному навчальному семестрі наші студенти пообіцяли повернутися до нової мандрівки з новою розробкою від нашого факультету  інформацію підготували студенти групи цт  б островський роман та павлюк денис  ",5,0,-5
244,"на початку грудня      року на базі кафедри математики та методики її навчання вкотре зібралися учасники науково методичного семінару  актуальні проблеми навчання математики  інформатики та економіки   у семінарі взяли участь члени кафедри математики та методики її навчання та близько    вчителів математики з різних областей україни  учасників семінару  актуальні проблеми навчання математик  інформатики та економіки  привітала голова засідання семінару завідувачка кафедри математики та методики її навчання  доктор педагогічних наук  доцент кафедри математики та методики її навчання юлія володимирівна ботузова  спікером цього засідання семінару була людмила іванівна яременко   кандидат педагогічних наук  доцент кафедри прикладної математики  доцент кафедри математики та методики її навчання  вчитель математики  вчитель вищої категорії  л і  яременко запропонувала для обговорення тему  підготовка учнів старших класів художньо естетичного профілю до зно з математики засобами тестування   на початку своєї доповіді л і  яременко ознайомила учасників семінару з основами визначення рівня підготовки учнів з будь якого предмету  видами педагогічного тестування  рівнями сформованості знань учнів  основними етапами створення тестового інструменту  предметних тестів   процедурами оцінювання та аналізу результатів тестування  на наступному етапі доповіді людмила іванівна продемонструвала декілька тестових завдань та прокоментувала послідовність та логіку їх розв язування  далі л і  яременко визначила терміни  угадування  та  прийоми угадування   охарактеризувала та продемонструвала на прикладах сім основних прийомів угадування відповідей до тестових завдань з математики  насамкінець л і  яременко порекомендувала перелік літератури щодо тематики своєї доповіді  по закінченню доповіді л і  яременко учасники семінару зацікавлено обговорювали запропоновану тему  пропонували своє бачення застосування прийомів угадування відповідей до тестових завдань з математики при підготовці учнів різних профілів до зно та висловили вдячність спікеру засідання науково методичного семінару  запрошуємо науковців  вчителів  студентів та усіх бажаючих до участі у роботі наступного засідання науково методичного семінару  актуальні проблеми навчання математики  інформатики та економіки   яке відбудеться    грудня      року   ",1,0,-1
245,"   грудня      року відбулося засідання об єднаної конкурсної комісії з розгляду питання  про конкурс та подання щодо присудження премії верховної ради україни молодим ученим за      рік   відповідно до рішення комітету з питань освіти  науки та інновацій верховної ради україни  протокол      від    грудня      р   до складу об єднаної конкурсної комісії з присудження премії верховної ради україни молодим ученим та іменних стипендій верховної ради україни для молодих учених   докторів наук включено м і  садового  експерт за галузями науки   засідання    грудня вів заступник голови об єднаної конкурсної комісії  голова підкомітету з питань науки та інновацій комітету валерій колюх  на початку засідання члени об єднаної конкурсної комісії обговорили проблемні аспекти щодо проведення цьогорічного конкурсу  оцінювання робіт  поданих на премію  вдосконалення процедур відбору переможців тощо  було відзначено важливість комплексного підходу експертів до розгляду конкурсних робіт  вимоги до яких регламентуються постановою верховної ради україни від   лютого      року  про премію верховної ради україни молодим ученим   цього разу до комітету верховної ради україни з питань освіти  науки та інновацій надійшло на конкурс    робіт     номінантів  проект постанови верховної ради україни  про присудження премії верховної ради україни молодим ученим за      рік  зареєстрований            за номером       https   itd rada gov ua billinfo bills card         детальніше з інформацією можна ознайомитися на сайті комітету верховної ради україни з питань освіти  науки та інновацій  https   kno rada gov ua news main news       html інформацію підготували д пед н  м і садовий та д пед н  о м трифонова  ",3,6,3
246,"   листопада      року студенти і курсу спеціальностей середня освіта  географія   туризм  середня освіта  біологія   середня освіта  хімія  та середня освіта  природничі науки  разом з кураторами кафедри природничих наук і методик їхнього навчання доцентом зарубіною а в   доцентом терещенко о в  та професором дефорж г в  відвідали он лайн екскурсію голодомор           рр   столітня трагедія  екскурсію провів провідний науковий співробітник відділу інформації та використання документів державного архіву кіровоградської області  магістр факультету історії  бізнес освіти та права  спеціальності середня освіта  історія та географія  юрченко сергій сергійович  ми дізналися багато нового  не відомого для себе  здавалося  все наче знаєш про це горе  але все одно  кожного разу відкриваються нові факти  дані  статистика  дізналися про три поняття  голод  голодування  голодомор  про три хвилі цієї трагедії                                 рр  про епідемії холери й тифу  про закон    колосків   про виживання людей  про кількість тих  хто голодував  біля   млн    кількість померлих  про американську адміністрацію допомоги  ара  на чолі з гербертом гувером  про допомогу єврейських організацій  про документи  списки дітей і дорослих  меню на тиждень  харчування людей в ті страшні часи  всі ми знаємо  які це були чорні дні для нашої україни  але з кожним разом без сліз не можна на це дивитися і слухати  пам ятаймо  вічна пам ять всім жертвам голодомору  ми просто зобов язані бути незламними  в пам ять про них  про всіх загиблих і тоді і сьогодні  і перемогти  обов язково  дякуємо державному архіву кіровоградської області та особисто сергію сергійовичу юрченку  до нових зустрічей і співпраці з центральноукраїнським державним університетом ім  в  винниченка  інформацію надала професор дефорж ганна володимирівна   ",3,0,-3
247,"в останні дні осені роботи факультету математики  природничих наук та технологій центральноукраїнського державного університету імені володимира винниченка завітали і до богданівської школи  на онлайн зустріч  профорієнтаційна презентація університету  були запрошені учні та педагогічний колектив богданівської філії  богданівський ліцей імені і г ткаченка  суботцівської сільської ради кропивницького району кіровоградської області  зустріч розпочалася з вітального слова заступника декана факультету математики  природничих наук та технологій олени михайлівни трифонової та завідувача кафедри технологій та професійної освіти миколи ілліча садового  вони розповіли про наш університет  його перспективи розвитку та спеціальності  за якими здійснюється підготовка фахівців  далі до слова запросили студента групи цт  б дениса павлюка спеціальності     професійна освіта  цифрові технології   який представив здобутки студентів свої освітньої програми  для дениса це був перший досвід участі в онлайн заході такого формату  він презентував роботів  ладифі  робот павук  робото рука та ін    яких створили або модернізували студенти  також денис розповів про особливості організації освітнього процесу на спеціальності  зокрема  про виробничу практику та співпрацю з кіберполіцією  кожному бажаючому була надана змога приєднатися до екосистеми мрія від департаменту кіберполіції нпу та допомагати нам нищити ворога в інформаційному середовищі  під час обговорення було дуже приємно чути від слухачів запитання  відповідаючи на які було помічено велику зацікавленість до спеціальності цифрові технології та можливості співпраці з кіберполіцією  інформацію підготував студент групи цт  б денис павлюк  ",0,1,1
248,"цього року традиційна всеукраїнська конференція студентів та молодих науковців  математичні  природничі та комп ютерні науки  технології  навчання  науково практичні рішення та підходи молодих науковців   яка проводиться на факультеті математики  природничих наук та технологій  зібрала наших друзів та колег з ніжинського державного університету імені миколи гоголя  черкаського національного університету імені богдана хмельницького  криворізького державного педагогічного університету    грудня ми зібрались онлайн  щоб обмінятися досвідом та послухати нові цікаві рішення молодих учених  учасників конференції  а їх було понад     привітали проректор з наукової роботи центральноукраїнського державного університету імені володимира винниченка  доктор психологічних наук  доцент клочек лілія валентинівна  проректор з наукової роботи криворізького державного педагогічного університету  доктор педагогічних наук  професор гаманюк віта анатоліївна  проректор з наукової роботи ніжинського державного університету імені миколи гоголя  доктор фізико математичних наук  професор мельничук олександр володимирович  професор кафедри автоматизації та комп ютерно інтегрованих технологій черкаського національного університету імені богдана хмельницького  доктор педагогічних наук акуленко ірина анатоліївна  а також декан факультету математики  природничих наук та технологій нашого університету  доктор педагогічних наук  доцент фурсикова тетяна володимирівна  вони відзначили  що на факультеті математики  природничих наук та технологій зберігаються традиції проведення наукових конференцій  залучення молоді до наукової діяльності  незважаючи на те  що конференція цього року відбувається в незвичних складних умовах  вона зібрала велику кількість учасників  які підготували різнопланові цікаві доповіді за усіма напрямами роботи  учасникам побажали творчих здобутків  цікавих доповідей і не зупинятися на досягнутому  на пленарному засіданні були презентовані доповіді  осіпової вікторії  студентки   курсу магістратури цду ім  в  винниченка на тему  інтерактивні тренажери під час вивчення теми  метод математичної індукції   побірченко анни  аспірантки   курсу чну імені богдана хмельницького на тему  дидактичні передумови для успішного застосування методу проєктів у навчанні математики учнів базової школи  досвід об єднаних арабських еміратів    паливоди юлії  аспірантки   курсу ніжинського державного університету імені миколи гоголя  фізіологічні показники паростків пшениці м якої  triticum aestivum l   при моделюванні водного дефіциту за дії метаболічно активних сполук   дудник вікторії  студентки   курсу цду ім  в  винниченка  впровадження інтерактивних методів на уроках з  основ здоров я  як засіб створення здоров язбережувального середовища   зарар вікторії  студентки магістратури кдпу на тему  реалізація функціональної лінії на факультативних заняттях з математики в    класі   баліцької анни  студентки   курсу цду ім  в  винниченка  сучасна георелігійна ситуація в україні   кропивки владислава  студента   курсу магістратури цду ім  в  винниченка на тему  розробка  d гри  robot escape  в жанрі платформер   співголова організаційного комітету конференції доктор історичних наук  професор ріжняк ренат ярославович підводячи підсумки роботи подякував колегам організаторам конференції  відзначив високий рівень доповідей та активність усіх учасників заходу  побажав їм успіхів  подальших творчих пошуків та виразив надію  що наступна конференція відбудеться з живим спілкуванням в стінах факультету  а кількість та якість наукових робіт будуть лише зростати  матеріали конференції видані у вигляді статей та розміщені в електронному виданні  наукові записки молодих учених    ",0,4,4
249,"   листопада      р  до університету завітали представники upshift  upshift   глобальна програма дитячого фонду оон  юнісеф   яка реалізується у понад    країнах світу  в україна втілюється з      року спільно з громадською організацією  фонд  професійний розвиток харкова   upshift   це програма  що дозволяє підліткам і молоді пропонувати та втілювати інноваційні рішення для актуальних проблем  студентам детально розповіли про всі кроки проходження проєкту  відповіли на запитання  запросили до участі та запевнили  що в нас все вийде  студенти факультету математики  природничих наук та технологій повірили в свої сили та відразу запропонували цікаві ідеї для майбутнього проєкту  інформація надана студентською радою факультету  ",0,2,2
250,"на базі кафедри математики та методики її навчання цду імені володимира винниченка відбувся перший випуск слухачів курсів підвищення кваліфікації вчителів математики  заздалегідь був затверджений розклад занять на курсах підвищення кваліфікації вчителів математики та склад викладачів  зокрема  це досвідчені та високо професійні викладачі кафедри математики та методики її навчання цдпу імені володимира винниченка   завідувачка кафедри математики та методики її навчання  докторка педагогічних наук  доцентка ботузова юлія володимирівна  доктор історичних наук  професор ріжняк ренат ярославович  кандидатка педагогічних наук  доцентка войналович наталія михайлівна  кандидатка педагогічних наук  доцентка нічишина вікторія вікторівна та кандидатка педагогічних наук  доцентка  доцент кафедри педагогіки та спеціальної освіти завітренко долорес жораївна  слухачам курсів підвищення кваліфікації було запропоновано до опрацювання   освітніх компонентів  які включали матеріали про найважливіші і найнагальніші питання сучасної освіти та шляхи їх розв язання  зокрема  завідувач кафедри математики та методики її навчання юлія володимирівна ботузова занурила вчителів математики в розмаїття сучасних інноваційних технологій навчання математики  охарактеризувала їх особливості та специфіку застосування  професор ренат ярославович ріжняк окреслив можливості використання інформаційно комунікаційних технологій в освітньому процесі та продемонстрував їх на конкретних прикладах  доцент наталія михайлівна войналович визначила роль математичних задач у навчанні математики та охарактеризувала їх з точки зору формування ключових компетентностей  доцент вікторія вікторівна нічишина конкретизувала поняття інтеграції у навчанні математики  зокрема  здійснила аналіз терміну  інтеграція  у науково педагогічній літературі та навела приклади змістової інтеграції та інтеграції за методом у математиці  окрім вище згаданих питань усім учителям необхідно сьогодні вміти працювати з учнями з особливими освітніми потребами  на заняттях  реалізація інклюзивного навчання в ззсо  доцентка долорес жораївна завітренко розповіла про форми і методи інклюзивного навчання на уроках математики в школі  слухачі курсів підвищення кваліфікації разом з викладачем обговорили шляхи вирішення різних ситуаційних завдань та поділилися власним досвідом роботи з учнями з особливими освітніми потребами  по закінченню курсів підвищення кваліфікації слухачі курсів успішно пройшли вихідне діагностування  отримали сертифікати про підвищення кваліфікації за напрямом  розвиток професійних компетентностей  знання навчального предмета  фахових методик  технологій   зі спеціальності        середня освіта  математика  обсягом    годин    кредит єктс  та висловили вдячність викладачам курсів підвищення кваліфікації за корисні та своєчасні матеріали  які стануть у нагоді у повсякденній вчительській праці  організатори курсів підвищення кваліфікації вчителів математики запрошують учителів поповнювати свої знання та отримувати корисний досвід на базі кафедри математики та методики її навчання цду імені володимира винниченка  інформацію підготувала к п н   доцентка вікторія нічишина  ",1,0,-1
253,"студент групи цт  б павлюк денис спеціальності     професійна освіта  цифрові технології  під час ряду запланованих заходів  яка має назву  профорієнтаційна презентація університету  відвідав рідну школу  в якій навчався  крім висвітлення перспектив отримання вищої освіти в центральноукраїнському державному університеті імені володимира винниченка  учнів було ознайомлено з величезним світом роботів   d друку  програмування  штучного інтелекту та багато іншого  так     листопада      року відбувся візит до вільненського ззсо і ііі ступенів соколівської сільської ради  учасниками заходу стали учні      класів  під час проведення презентації всім бажаючим було запропоновано покерувати роботом павуком та отримати унікальну змогу відчути себе справжнім оператором роботів  засвоїти первинні навички керування ними  під час презентації денис ознайомив присутніх з елементами виробничої практики спеціальності професійна освіта  цифрові технології   зокрема про активну співпрацю з відділом протидії кіберзлочинністю в кіровоградській області департаменту кіберполіції нпу та департаментом кіберполіції національної поліції україни  київ   учні переглянули відеоматеріали від департаменту  ознайомилися з екосистемою  мрія   отримавши qr код мали змогу долучитися до групи мрійців та допомагати нам в боротьбі в інформаційному полі  після завершення виступу було дуже приємно бачити зацікавленість слухачів та отримувати запитання з різних напрямків  від роботів до створення комп ютерних ігор  інформацію підготував студент групи цт  б денис павлюк  ",1,1,0
256,"   листопада      року на факультеті математики  природничих наук та технологій відбулася кураторська година студентів першого  магістерського  рівня вищої освіти спеціальності  середня освіта  природничі науки   група пн  м  присвячена  дню гідності і свободи україни   у бесіді куратора групи  д п н  плющ валентини миколаївни зі студентами згадали  історію заснування дати  зокрема про те  що історія бере свій початок з видання президентом україни віктором ющенком указу від    листопада      р              про відзначення дня свободи    листопада з метою затвердження в україні ідеалів свободи і демократії  виховання почуттів національної гідності  трагічні події  що відбулися в ніч з    на    листопада      р    побиття студентів  які мирною акцією висловлювали бажання підписання договору про асоціацію з єс  докорінно змінило ситуацію в нашій країні масово почали з їжджатись люди з усіх куточків україни до центральної площі держави   майдану незалежності   бажаючи бути почутими та рішуче налаштовані змінити владний режим почалася революція гідності    під час кураторської години було наголошено  що    листопада ми вшановуємо пам ять і подвиг великих українців  які ціною власного здоров я та життя продемонстрували прагнення українців жити у вільній  демократичній державі наголошено  що гідність  свобода  незалежність  патріотизм  мужність  героїзм   за останні роки ці високі поняття стали особливо близькі кожній людині  яка вважає себе справжнім громадянином  підтримуймо та шануймо сучасних захисників україни  пам ятаймо загиблих в ім я вільної україни  на завершення заходу студентам було рекомендовано переглянути курс про становлення україни від тімоті снайдера  розроблений йельським універсітетом  слава україні   героям слава   ",0,4,4
258,"що важливо в сьогоднішньомужиттєвому просторі першокурсника  який обрав сферу економіки як не втратити інтерес до освіти  як не розчаруватись в обраній професії та обраному закладівищої навчальному  ці та багато інших питань постійно турбують викладачівекономіки та менеджменту факультету математики  природничих наук та технологійцду імені володимира винниченка     листопада      року стейкхолдеризавітали на відкриту лекцію до першокурсників освітніх програм  менеджмент  логістика    економічна безпека   у межах дисципліни  основи менеджменту  володимир анатолійович панченко  доктор економічних наук  професор у співпраці зєлизаветою гречаною  hrmanagerom міжнародноїрекрутингової агенції hedgehog організували лекцію тренінг за темою  кар єра у сфері міжнародної логістики   під час спілкуваннястуденти проаналізувализміст логістики та її головних завдань  відмінностей традиційної організації перевезень від логістичної  виокремили професії  кар єрні можливості транспортної логістики  здобувачів освіти цікавило питання  а як же потрапити на роботу в міжнародну логістичну фірму  які якості потрібні абистати членом команди економістів з логістичного менеджменту  цікаво  так  дуже адже це дало можливість відразу відчути атмосферу цілковитої довіри та впевненості  про те  що всі теоретичні відомості і практичні навички  якими опановують студенти  є важливими  вони потрібні  їхні знання потрібні  наші студенти потрібні україніяк фахівці та впевнені в собі молоді спеціалісти  інформацію підготувала оксана буткевич  ",1,0,-1
261,"   листопада      року науково педагогічні працівники факультету математики  природничих наук та технологій центральноукраїнського державного педагогічного університету імені володимира винниченка завітали до кропивницького інженерного коледжу  тут під час зустрічі з учнями проф  м і садовий та доц  о м трифонова розповіли про переваги отримання вищої освіти в нашому університеті  окреслили ті перспективи  які відкриває подальша зміна назви закладу на центральноукраїнський державний університет імені володимира винниченка  обговорили кар єрні перспективи випускників університету як педагогічних спеціальностей  так і класичних  учнів зацікавилися широким спектром спеціальностей факультету математики  природничих наук та технологій         середня освіта  математика         середня освіта  біологія та здоров я людини         середня освіта  хімія         середня освіта  географія         середня освіта  фізика         середня освіта  інформатика         середня освіта  трудове навчання та технології         середня освіта  природничі науки         професійна освіта  цифрові технології      економіка     менеджмент     статистика     комп ютерні науки     туризм всі  кого зацікавила презентована інформація  були запрошені на день відкритих дверей  який відбудеться в університеті    листопада      року о        будемо раді бачити всіх  до зустрічі  інформацію підготували проф  м і садовий та доц  о м трифонова  ",0,1,1
262,"   листопада відбулася підсумкова конференція з пропедевтичної практики студентів спеціальності  середня освіта  географія    які навчаються за освітньо професійними програмами  середня освіта  географія та мова і література  англійська    та  середня освіта  географія  та краєзнавчо туристична робота   пропедевтична практика з фаху проводилася у період з    жовтня по    листопада та мала на меті ознайомлення студентів із веденням шкільної документації  осмислення ними основ курсу методики навчання географії та підготовку до виконання функцій учителя географії закладів загальної середньої освіти  студенти мали можливість поглянути на освітній процес з позиції вчителя  поринути в коло реальних професійних проблем  з якими стикається вчитель географії у своїй роботі  відвідати уроки досвідчених вчителів  пропедевтична практика охоплювала три модулі  організаційний  методичний та аналітичний  при розв язанні конкретних завдань практики студенти  ознайомилися зі шкільною документацією та правилами її оформлення  проаналізували навчальні програми з географії  в редакції      р   з метою виявлення останніх змін  проаналізували сайт одного із закладів середньої освіти області  особливу увагу приділили організації освітнього процесу в школі в умовах дистанційного навчання   відвідали онлайн уроки географії у комунальному закладі  ліцей  науковий  міської ради міста кропивницького  та навчилися спостерігати за освітнім процесом  переглянули відеоуроки географії  проаналізували відвідані та переглянуті уроки  розробили власні календарно тематичні плани та конспекти уроків географії  здійснили огляд науково публіцистичної літератури  навчально методичних ресурсів та виконали творчі індивідуальні завдання з обраної методичної теми  підготували звітну документацію з практики  на підсумковій конференції студенти демонстрували результати виконання індивідуальних завдань у вигляді доповідей з презентацією за такими темами  проблемне навчання на уроках географії  а баліцька   методика організації і проведення практичних робіт на уроках географії  н кушнір   методика застосування групової роботи учнів на уроках географії  а малєєва   методи та прийоми розвитку критичного мислення на уроках географії  д нечай   екологічне виховання на уроках географії  д пасічник   застосування кейс технологій на уроках географії  р швець   методичні особливості онлайн уроків географії  і бережна   пропедевтична практика з фаху дозволила студентам поглибити методичні знання й уміння  а також підготуватися до проходження виробничої  педагогічної  практики у школі вже наступного семестру  інформацію підготувала доцент н м маслова  ",0,1,1
263,"студентство   дуже цікавий період в житті кожного з нас  швидко сплинуть роки  і ми будемо з теплотою згадувати ці часи  пари  сесії  конкурси та свята  тож    листопада  в день студента  у нашому університеті провели гала концерт  вернісаж талантів        талановиті студенти кожного факультету представили свої виступи  від факультету математики  природничих наук та технологій виступав максим мелешко з піснею  що викликала овації  панувала дружня святкова атмосфера  викладачі та студенти отримали заряд гарного настрою  ректор щиро привітав всіх зі святом та нагородив активних студентів грамотами за сумлінне і наполегливе навчання  значний внесок у розвиток і організацію творчих проєктів  втілення креативних ідей  активну громадську позицію та з нагоди міжнародного дня студента та подарунками  також нагороди отримала команда студентів нашого факультету  яка спільно з представниками кіберполіції україни боронить інформаційний фронт нашої держави  високо оцінюючи внесок наших студентів спеціальностей комп ютерні науки та професійна освіта  цифрові технології  в інформаційну безпеку держави департамент кіберполіції національної поліції україни оголосив їм подяку за вагомий особистий внесок у загальну справу  активну участь і високі особисті досягнення у боротьбі з кіберзлочинністю  вітальні слова студентам виголосили і декани факультетів  зі святом дорогі студенти  дякуємо збройним силам україни  слава україні  joomlaworks  allvideos  plugin  v       starts here інформація студради факультету  ",2,3,1
264,"студенти спеціальності     професійна освіта  цифрові технології  роман островський і денис павлюк продовжують брати активну участь у серії заходів під назвою  профорієнтаційна презентація університету      листопада      року делегація студентів та викладачів центральноукраїнського державного університету імені володимира винниченка відвідали олександрію  де презентували здобутки нашого закладу вищої освіти  представники факультету математики  природничих наук та технологій презентували створених власноруч роботів  яких зібрали під час занять глядачі побачили можливості роботів  ознайомилися з їхніми основними функціями  всі присутні ознайомилися зі здобутками студентів спеціальності     професійна освіта  цифрові технології  у напрямку цифровізації та створення роботизованих систем  учні з цікавістю слухали презентацію про роботів  а також пильно спостерігали за тим як саме правильно керувати ними  зокрема  вони ознайомились з роботом ладифі  яким керував островський роман  студент продемонстрував основний механізм робота  показав як саме відкривається   закривається щелепа пристрою  тим самим здивував глядачів   а як це можливо    відповідаючи на це запитання  роман розповів про те  що робот має спеціальний механізм зі шестернями  який був зібраний за допомогою двох наборів  lego   а також повідомив про те  що керування відбувається зі спеціального блоку управління  продемонструвавши ладифі  павлюк денис розповів про ще одну розробку  а саме робота павука  який був видрукований повністю за допомогою  d принтера  що є на факультеті математики  природничих наук та технологій  переглядаючи презентацію  глядачі ознайомилися з відеороликом  як саме робот може пересуватися квартирою та отримали коротку розповідь про його керування  велику зацікавленість у присутніх викликала інформація про те  що студенти активно співпрацюють з відділом протидії кіберзлочинам в кіровоградській області департаменту кіберполіції нпу  павлюк денис розповів про проєкт  мрія  та ознайомив глядачів з відеоматеріалом від департаменту кіберполіції  а також запропонував охочим долучитися до бота  завдяки якому вони можуть допомогти в боротьбі на інформаційному фронті  наприкінці виступу денис наголосив  що кожен українець   воїн на своєму фронті  після завершення нашого виступу  зала заповнилась оплесками  надихнувши нас  студентів  працювати ще більше та сумлінніше  дякуємо за теплу зустріч  а ми з нашими роботами продовжуємо свою мандрівку кіровоградщиною  інформацію підготували студенти групи цт  б денис павлюк і роман островський  ",2,0,-2
266,"забезпечення пожежної безпеки є досить складним соціально економічним завданням  спрямованим на запобігання пожежам в усіх сферах діяльності людини та ліквідацію пожеж у випадку їх виникнення з мінімальними наслідками     листопада      року студенти та студентки груп тн  м  гк  м  міе  м та ма  м та викладачка кафедри технологічної та професійної освіти цдпу імені в  винниченка о  в  пуляк  в рамках вивчення навчальних дисциплін  цивільний захист   відвідати пожежно рятувальну частину    та пожежно технічну виставку музей управління дснс україни у кіровоградській області  під час заходу фахівці дснс ознайомили студентів із історією створення пожежної служби в місті  засобами пожежогасіння та пожежної сигналізації  правилами поводження з пожежо вибухонебезпечними предметами  правилами поведінки під час виникнення пожеж  пожежною технікою тощо  студенти та студентки розглянули зразки пожежного обладнання та одягу бійців пожежно рятувальної служби  дуже вразила нова експозиція  присвячена війні в україні   нехай всі знання  які ви сьогодні отримали  ніколи вам в житті не знадобляться    побажала відвідувачам пані наталя  фахівчиня пожежно технічної виставки музею  студенти та викладачка о  в  пуляк отримали позитивні емоції від спілкування  корисні знання і практичні навички  дякуємо фахівцям музею управління дснс україни та всім пожежникам за їхню роботу  інформацію підготувала о  в  пуляк  доцент кафедри технологічної та професійної освіти  ",0,1,1
267,"цього року на факультеті математики  природничих наук та технологій  вернісаж талантів  пройшов дистанційно  всі першокурсники відповідально та ретельно поставилися до процесу підготовки та зйомки бажаного контенту  що якнайширше розкриває їхній талант  всього було    відео  дехто зацікавився та підготував по дві роботи  наші першокурсники дійсно дуже активні  талановиті та яскраві  спектр талантів дуже широкий  сценки  танці  співи  декламування віршів  спорт  музика  переможця конкурсу обирали в   етапи  спочатку було обрано три найкращі роботи  а потім вже переможця  голосування проходило в соціальній мережі instagram  переможцем став студент групи кн  б мелешко максим з піснею  sway   тепер максим представлятиме наш факультет на університетському  вернісажі талантів   який відбудеться    листопада      року  всіх запрошуємо на свято  бажаємо максиму гідно представити факультет на конкурсі та перемогти  інформація надана студрадою факультету  ",0,2,2
269,"розвинуті компетентності з відновлення вищої освіти в україні  спрямованого на забезпечення та удосконалення якості   листопада     року студенти груп цт  м та тн  мразом звикладачкамикафедри технологічної та професійної освітицдпу імені в  винниченка ольгоюпуляк  наталею мироненко  людмилою чистяковою таоксаною абрамовою взяли участь у роботі xі міжнародна науково практична конференції  європейська інтеграція вищої освіти україни в контексті болонського процесу  відновлення  виклики  підходи та інструменти   організаторами конференції виступили  міністерство освіти і науки україни  національна академія педагогічних наук україни  інститут вищої освіти  напн україни  національне агентство із забезпечення якості вищої освіти  київський національний університет імені тараса шевченка  спілка ректорів закладів вищої освіти україни  національний еразмус  офіс в україні   національні експерти з реформування вищої освіти  here   британська рада в україні  результатами навчання конференції були зазначені досліджувати розвиток вищої освіти україни в умовах воєнного стану та післявоєнного відновлення та визначати виклики  ідентифікувати актуальні підходи та інструменти відновлення вищої освіти в україні  спрямоване на забезпечення та удосконалення якості  зокрема можливості програм міжнародної технічної допомоги єс  визначати релевантні шляхи відновлення вищої освіти на національному  регіональному та інституційному рівнях  з вітальним словом до учасників конференції звернулися  володимир бугров  ректор  київський національний університет імені тараса шевченка сергій шкарлет  міністр освіти і науки україни василь кремень  президент  національна академія педагогічних наук україни андрій бутенко  голова  національне агентство із забезпечення якості вищої освіти людмила таценко  керівник освітніх програм  британська рада в україні світлана шитікова  координатор  національний еразмус  офіс в україні також з доповідями на конференції виступили   проєкт плану відновлення україни   освіта і наука   перспектива членства в єс  олександр пижов  генеральний директор  директорат європейської інтеграції  бюджетування та узгодження політик  мон україни  стратегія розвитку вищої освіти       стан і перспективи  олег шаров  генеральний директор  директорат фахової передвищої  вищої освіти  мон україни  here  проблеми відновлення вищої освіти в повоєнний період  володимир бахрушин  координатор сектору вищої освіти науково методичної ради  мон україни  професор  національний університет  запорізька політехніка   here  можливості програм міжнародної технічної допомоги єс для відновлення вищої освіти та науки в україні  світлана шитікова  координатор  національний еразмус  офіс в україні  гармонізація національного законодавства в контексті євроінтеграції україні  досягнення та виклики олена козієвська  керівник секретаріату  комітет вру з питань освіти  науки та інновацій  here  шляхи відновлення вищої освіти на національному рівні  можливості та перепони михайло винницький  національний університет  києво могилянська академія   here  роль національного агентства із забезпечення якості вищої освіти в умовах воєнного стану та післявоєнного відновлення україни ірина золотарьова  член національного агентства  професор  харківський національний економічний університет імені семена кузнеця  here  якість вищої освіти як індикатор успіху національних реформ  національний  регіональний та інституційний рівні  володимир луговий  перший віце президент  напн україни  here  андрій гожик  проректор  київський національний університет імені тараса шевченка  моделі удосконалення якості діяльності університетів  вітчизняні реалії та міжнародний досвід жанна таланова  менеджер національного еразмус  офісу в україні  світлана калашнікова радник дирекції інституту вищої освіти напну  here  учасники конференції мали можливістьспілкувались зі спікерами в чаті  задавалиїм питання та отримували компетентні відповіді  нажаль із за технічних причин учасники не мали змоги дивитись конференцію повністю  запис конференції буде доступний і можна буде пізніше обговорити важливі теми  які презентували спікери   ",1,3,2
271,"  листопада      р  на факультеті математики  природничих наук та технологій відбулася підсумкова конференція з навчальної  пропедевтичної  педагогічної практики для бакалаврів четвертого року навчання зі спеціальності        середня освіта  біологія та здоров я людини   яка проходила з            по            року  на конференції були присутні здобувачі  керівник практики від факультету д п н  проф   професор кафедри природничих наук та методик їхнього навчання надія андріївнакалініченко  керівник з хімії к х н   доц   доцент кафедри природничих наук та методик їхнього навчання юлія володимирівнабохан  на початку конференції ю в  бохан привітала студентів із закінченням практики  підкреслила  що практика пройшла успішно  усі завдання виконано  здобувачі надали звіти про проходження практики у вигляді презентацій  керівник практики від факультету та методист з біології  д п н  проф   професор кафедри природничих наук та методик їхнього навчання н  а  калініченко підвела підсумки практики та зазначила  що практика пройшла на достатньому рівні  всі студенти впоралися із завданнями практики  н  а  калініченко акцентувала  що у системі професійної підготовки учителя велику роль відіграє педагогічна практика  вона є органічною складовою частиною педагогічного процесу у закладі вищої освіти  який забезпечує поєднання теоретичної підготовки майбутніх учителів і їх практичної діяльності у навчально виховних закладах освіти  діяльність студентів у період педагогічної практики є аналогом професійної діяльності учителя і дає можливість приміряти на себе надзвичайно важливу соціальну роль людини  якій держава довіряє навчати  наставляти на життєву дорогу  студенти проходили практику на базі місцевих закладів середньої освіти  комунальний заклад  ліцей  науковий  міської ради міста кропивницького  та комунальний заклад  ліцей  лінгвістичний  кропивницької міської ради  в умовах дистанційного навчання під час відвідування уроків студенти розглядали сучасні інноваційні підходи у викладанні хімії  учителі ділилися зі студентами власним досвідом проведення нестандартних уроків  шляхами формування мотивації учнів до навчання  застосування проблемного навчання та екологічного виховання на уроках хімії  використання різноманітних інтерактивних форм та методів навчання в освітньому процесі  після завершення навчальної практики студенти приготували звіт та індивідуальні завдання  присвячені формуванню власної методичної скарбниці  на підсумковій конференції відбулися захисти індивідуальних завдань  здобувачі освіти поділилися враженнями від проходження практики та від цікавої зустрічі із педагогом новатором вчителем хімії оксаною володимирівною жуковою зі новоукраїнської зш    кіровоградської обл   яка поділилася лайкфаками щодо своєї професії та розповіла  що означає бути вчителем   акцентувала увагу на питаннях етичної та моральної поведінки молодих вчителів  особливостях їх професійної діяльності в складних умовах воєнного стану тощо  безперечно цей вид практики   пропедевтична  викликає у студентів неймовірні  позитивні і чудові враження  після зустрічі з креативними та розумними вчителями наставниками  з допитливими учнями  вони ще більше переконалися в тому  що правильно обрали професію  практика додала впевненості у власних педагогічних талантах  але водночас показала  в чому ще треба вдосконалюватись  наставники висловили свої побажання майбутнім вчителям  більше творчості  фантазії  віри в свої сили    ви це зробите краще за нас    головне   хотіти це робити    хай щастить  інформацію надала кандидат хімічних наук  доцент  доцент кафедри природничих наук та методик їхнього навчання юлія володимирівнабохан  ",1,0,-1
272,"   жовтня      р  на кафедрі основ виробництва та дизайну в режимі онлайн відбулася всеукраїнська науково практична конференція з міжнародною участю  дизайн освіта майбутніх фахівців  проблеми та перспективи   участь у якій взяли викладачі та студенти кафедри технологічної та професійної освіти  у роботі конференції узяли участь понад     осіб   науково педагогічні працівники понад двадцяти закладів вищої освіти україни та п ятьох іноземних закладів освіти  провідні науковці у сфері дизайну  професорсько викладацька спільнота закладів вищої освіти  митці  художники  дизайнери  мистецтвознавці  культурологи та широке коло здобувачів вищої освіти на бакалаврському  магістерському та освітньо науковому рівнях з різних куточків україни  відкрили конференцію та привітали учасників марина вікторівна гриньова   доктор педагогічних наук  професор  заслужений працівник освіти україни  член кореспондент національної академії педагогічних наук україни  ректор полтавського національного педагогічного університету імені в г  короленка та василь васильович фазан   доктор педагогічних наук  доктор теологічних наук  професор  проректор з наукової роботи полтавського національного педагогічного університету імені в  г  короленка  валентина петрівна титаренко  доктор педагогічних наук  професор  заслужений працівник освіти україни  декан факультету технологій і дизайну  зазначила  що в умовах сьогодення важливо підтримувати тісні наукові зв язки і такі конференції сприяють удосконаленню підготовки майбутніх фахівців  євген володимирович кулик  доктор педагогічних наук  професор  завідувач кафедри основ виробництва та дизайну  також привітав учасників конференції та окреслив напрями її роботи  людмила олександрівна чистякова  доктор педагогічних наук  доцент кафедри технологічної та професійної освіти виступила з привітальним словом до організаторів та учасників конференції  а також доповіла про особливості формування екологічної компетентності студентів при вивченні курсів з еко дизайну  з доповідями на секційних засіданнях виступили викладач кафедри технологічної та професійної освіти оксана віталіївна абрамова  кандидат педагогічних наук  доцент  а також студенти першого  бакалаврського  та другого  магістерського  рівня вищої освіти спеціальності        середня освіта  трудове навчання та технології       професійна освіта  технологія виробів легкої промисловості   у виступах учасників конференції були окреслені особливості реформування дизайн освіти з урахуванням сучасних наукових підходів  педагогічних технологій та досягнень  презентовані наукові дослідження зі спрямованістю творчості на екологізацію та екоестетику  широке застосування досягнень українського етнодизайну  а також можливостей комп ютерних технологій  сучасних матеріалів  пов язаних із нанотехнологіями й мікроелектронікою тощо  в дизайн проектній діяльності  інформацію підготувала доцент л о чистякова  ",2,2,0
273,"ні війна  ні перебої з постачанням електроенергії або відсутність інтернету  ніщо не може зупинити прагнення вчителя вдосконалюватись  отримувати нові знання та новий досвід  і колектив нашого університету завжди готовий допомогти  з    по    жовтня      року викладачами кафедри природничих наук і методик їхнього навчання вперше проводились заняття для слухачів курсів підвищення кваліфікації вчителів фізики та астрономії  теоретико практичні аспекти викладання фізики та астрономії   участь у курсах взяли вчителі закладів загальної середньої освіти та коледжів не лише м кропивницький та кіровоградської області  м олександрія   але й з інших регіонів україни  зокрема з миколаївської області  м кам янка  дніпропетровська область   м нова каховка  херсонська область   кожного дня викладачі  професор і в сальник  доценти   о в волчанський  е п сірик  о о чінчой  зустрічалися із слухачами курсів на платформі googleclass та розглядали актуальні питання методики навчання фізики та астрономії у сучасному комп ютерно орієнтованому середовищі навчального закладу  заняття проводились як у вигляді лекцій  так і вебінарів  тренінгів та круглих столів  вчителі активно працювали  не лише отримували новий досвід  але й ділились власним  викладачі протягом навчання ознайомили їх з такими питаннями  як розвиток навичок самоосвітньої діяльності учнів  stem та його впровадження  методика розв язування фізичних задач різного рівня  сучасні тенденції у фізичному експерименті  запровадження хмарних технологій у навчанні фізики та астрономії  основний акцент робився на особливостях навчання фізики та астрономії в умовах запровадження дистанційних та змішаних форм організації освітнього процесу  дуже зацікавили вчителів матеріали  які надавали викладачі  наші слухачі залишились задоволені корисними порадами  які вони отримали  та цікавим спілкуванням  дякували за можливість у такі нелегкі часи мати змогу зростати професійно  а викладачі отримали зворотній зв язок  на заключному занятті ми почули ті питання  які найбільше цікавлять вчителів  є куди рухатись далі  перший досвід вийшов вдалий  чекаємо на подальшу співпрацю  інформацію надано професором і в сальник та доцентом о в волчанським  ",1,0,-1
274,"   жовтня      року на базі кафедри математики та методики її навчання продовжив свою роботу науково методичний семінар  актуальні проблеми навчання математики  інформатики та економіки   у семінарі взяли участь члени кафедри математики та методики її навчання та близько    вчителів математики з різних областей україни  учасників семінару  актуальні проблеми навчання математики  інформатики та економіки  привітала голова цього засідання семінару доцент кафедри математики та методики її навчання  кандидат педагогічних наук наталія михайлівна войналович  яка побажала успішної та корисної роботи усім присутнім  спікером засідання семінару стала ізюмченко людмила володимирівна   вчитель алгебри та геометрії  учитель вищої категорії  учитель методист  відмінник освіти  кандидат фізико математичних наук  доцент кафедри математики  л в  ізюмченко представила доповідь на тему  досвід залучення учнів профільних та допрофільних класів до наукової роботи  на базі ліцея  престиж  міста києва  у вступній частині л в  ізюмченко зазначила  що  коли ми говоримо про науково дослідницьку діяльність учнів  то маємо на увазі насамперед дослідження  які здійснюють учні під керівництвом вчителів  учитель формулює цікаву для учня математичну задачу  яка відповідає віку дослідника  пропонує допомогу у виборі науково популярної та методичної літератури з теми  допомагає в опануванні теоретичних викладок та отриманні певних практичних навичок реалізації завдання тощо  проте можливий і інший сценарій  зокрема  наприклад  коли учень знаходить поза школою цікаву для нього задачу  звертається до учителя  який допомагає учневі знайти один із способів розв язання задачі  доступний учневі  а потім учитель пропонує незнайомий учневі метод  який приводить до розв язання і цієї задачі  і великого спектру інших задач  далеких від стартової задачі  далі л в  ізюмченко поділилася саме таким досвідом роботи у передпрофільному   му класі з математичним ухилом ліцея  престиж  міста києва  зокрема  продемонструвала серію задач та їх розв язання  акцентуючи увагу на конкретних дослідженнях учнів ліцея  престиж   серед досліджень учнів спікерка особливо виділила наступні  застосування методу координат в конкурсних математичних задачах  моделювання розв язування текстових задач  діофантові рівняння та їх системи у конкурсних задачах  метод невизначених коефіцієнтів у конкурсних алгебраїчних задачах  теореми чеви  менелая та ван обеля у метричних геометричних задачах  застосування теореми косинусів  прогресії у конкурсних математичних задачах  застосування різних методів розв язування задач з параметром  насамкінець л в  ізюмченко ознайомила учасників семінару з системою нарахування стипендій учням ліцею за високі досягнення у навчанні  інформацією стосовно кількості стипендій і зазначила  що лише одиниці з усіх учнів ліцея кожного року не отримують стипендію  по закінченню доповіді л в  ізюмченко учасники семінару жваво обговорили запропоновану тему  шляхи подальшого розвитку шкільної науки та висловили вдячність спікеру нинішнього засідання науково методичного семінару  голова другого у цьому навчальному році засідання семінару доцент кафедри математики та методики її навчання  кандидат педагогічних наук наталія михайлівна войналович запросила науковців  вчителів  студентів та усіх бажаючих до участі у роботі наступного засідання науково методичного семінару  актуальні проблеми навчання математики  інформатики та економіки   який відбудеться    листопада      року  кафедра математики та методики її навчання  ",1,4,3
275,"   жовтня      року старшим викладачем н в мироненко була проведена відкрита пара з дисципліни  діловий етикет  на тему  психологія ділової бесіди  структура ділового спілкування  для студентів спеціальності     середня освіта  трудове навчання та технології  першого  бакалаврського  рівня вищої освіти  лекцію відвідали кандидат педагогічних наук  доцент о в пуляк  кандидат педагогічних наук  доцент о в абрамова  кандидат технічних наук  доцент а і ткачук  заняття розпочалось вчасно з організаційного моменту та повідомлення теми лекції  мотивації освітньої діяльності  викладач ознайомила студентів із основними психологічними прийомами впливу на партнера під час ділової бесіди  запропонувала тест на вміння контролювати свої емоції  а також ознайомила із структурою ділової бесіди  розповідь викладача супроводжувалась наочними матеріалами та прикладами з життя  що мотивувало студентів до вивчення матеріалу та формування уточнюючих запитань  що свідчило про зацікавленість темою заняття     жовтня      року відбулася відкрита лекція з дисципліни  теорія  методика і практика навчання професійно орієнтованих дисциплін   яку проводила доктор педагогічних наук  доцент трифонова олена михайлівна для студентів спеціальності     професійна освіта  цифрові технології  другого  магістерського  рівня вищої освіти  лекцію відвідали завідувач кафедри  доктор педагогічних наук  професор м і садовий  доктор педагогічних наук  професор н в подопригора  доктор педагогічних наук  доцент л о чистякова  кандидат технічних наук  доцент с і рябець  кандидат педагогічних наук д в соменко  тема заняття   stem освіта в закладах професійної  професійно технічної  освіти  відповідає змісту навчальної програми та вимогам освітньо професійної програми підготовки майбутніх фахівців з професійної освіти за спеціалізацією цифрові технології на другому магістерському рівні вищої освіти  заняття проводилося в режимі онлайн з використанням можливостей платформи google workspace for education  заняття розпочалося з організаційного моменту  під час якого викладачка актуалізувала необхідну для сприйняття нового навчального матеріалу інформацію  студенти активно відповідали на запитання  що свідчить про наявність постійної комунікації викладачки зі студентами  та розуміння останніми навчального матеріалу  що розглядався на попередніх заняттях  під час пояснення нового матеріалу  зокрема  суб єкт об єктної основи запровадження цифрових технологій та stem в освіті  елементів stem системи закладу освіти в умовах тотальної цифровізації  моделі stem освітнього середовища викладачкою детально було пояснено основні компоненти stem середовища та взаємозв язки між ними  заслуговують на увагу запропоновані акценти специфіки функціонування stem освітнього та stem освітньо наукового середовищ  студенти пригадали та були обговорені навчальні ситуації  де вони безпосередньо під час навчання на першому  бакалаврському  рівні вищої освіти мали змогу долучитися до впровадження елементів stem освіти  викладачка детально зупинилася на реалізації ідей stem освіти в курсах мехатроніки та робототехніки  весь викладений під час лекції матеріал був добре ілюстрований  заслуговує на увагу презентація з деталізацією навчального матеріалу  викладачка постійно підтримувала зворотній зв язок зі студентами через постановку проблемних питань і обговорення важливих моментів  встановлення міжпредметних зв язків     жовтня      року відбулася відкрита лекція з дисципліни  технологія створення мультимедійних web програм  на тему  створення мобільних web додатків та чат ботів для управляння системою  розумний дім   яку проводив кандидат педагогічних наук  старший викладач кафедри технологічної та професійної освіти соменко дмитро вікторович для студентів спеціальності     професійна освіта  комп ютерні технології  першого  бакалаврського  рівня вищої освіти  лекцію відвідали завідувач кафедри  доктор педагогічних наук  професор м і садовий  доктор педагогічних наук  доцент о м трифонова  кандидат педагогічних наук  доцент с о шлянчак  кандидат технічних наук  доцент с і рябець  кандидат педагогічних наук о м щирбул  під час проведення заняття викладач повною мірою використовував сучасні інтерактивні технології взаємодії зі студентами  мультимедійний контент  інтерактивні презентації  кілька джерел відеосигналу  що виводились на екран одночасно  викладач постійно підтримував зворотній зв язок через постановку проблемних питань і обговорення важливих моментів  під час пари студенти спеціальності  професійна освіта  комп ютерні технології   ознайомились з концепцією мережі  що складається із взаємопов язаних фізичних пристроїв  які мають вбудовані давачі  а також програмним забезпеченням  яке дозволяє здійснювати передачу і обмін даними між фізичним світом і комп ютерними системами в автоматичному режимі за допомогою використання стандартних протоколів зв язку  ознайомились з сенсорними системами аналізу та моніторингу  їхніми мережами та комплексами  що використовуються для обробки інформації  яка надходить з навколишнього середовища  з можливістю обмінюватися нею і виконувати різні дії в залежності від отриманих даних  студенти поглибили свої знання про технології інтернету речей та способи управління системою  розумний будинок   розглянули особливості впровадження концепції системи  розумний будинок   розглянули можливості апаратно програмних платформам для створення автоматизованих систем моніторингу  накопичення та аналізу даних  викладач соменко д в  дотримується загальнопедагогічних принципів  що сприяє ґрунтовному засвоєнню студентами змісту дисципліни і досягненню мети заняття  під час заняття витримувався темп  необхідний для засвоєння нового матеріалу  під час заняття спостерігалася гарна робоча атмосфера у колективі  навчальний матеріал добре структурований  з відповідей студентів можна зробити висновок  що вони зрозуміли розповідь викладача    після лекцій під час засідання кафедри технологічної та професійної освіти відбулося обговорення відкритих занять  всі викладачі  які відвідали відкриті заняття  висловили схвальні відгуки про результати проведених занять  узагальнивши всі виступи можна прийти до висновку про високий рівень теоретичної та методичної підготовки викладачів до занять  глибоке розуміння ними навчального матеріалу та вміння донести його студентам  теми занять чітко відповідають змісту програм  методичні розробки відкритих занять виконані на високому методичному рівні  методи  форми і прийоми  які використовують на занятті викладачі  активізують навчальну діяльність студентів  сприяють глибокому розумінню теорії  методики і практики навчання відповідних дисциплін  заняття проведені на високому науково методичному рівні та відповідають вимогам до проведення навчальних занять у закладі вищої освіти  інформацію підготували д пед н   проф  м і садовий  к пед н   доц  н в мироненко  д пед н   доц  о м трифонова  к пед н  д в соменко  ",2,0,-2
276,"згідно навчального плану факультету математики  природничих наук та технологій студенти іі курсу магістратури денної форми навчання спеціальності      середня освіта  математика   група міе  м  у           навчальному мають проходити виробничу практику з математики в       класах загальноосвітніх шкіл і ііі ступенів  коледжів  ліцеїв  гімназій  на настановчій конференції до практики  яка відбулася    вересня      року були присутні завідувач кафедри математики та методики її навчання доктор педагогічних наук юлія володимирівна ботузова  керівник практики доцент кафедри математики та методики її навчання людмила іванівна яременко  методисти практики з математики   викладачі кафедри математики та методики її навчання і студенти  керівник практики людмила іванівна яременко повідомила присутнім про те  що завершальний етап педагогічної практики магістрів математиків розпочинається    вересня      року і триватиме   тижні   з    вересня по    вересня      року  практика здійснюватиметься у змішаній формі  це означає  що студенти зможуть як безпосередньо спілкуватися з учнями на уроках та позакласних заходах в очному режимі  так і використовувати найрізноманітніші можливості засобів дистанційної форми навчання під час виконання завдань практики та удосконалення професійних компетентностей  людмила іванівна погодила зі студентами остаточний розподіл баз практики   шкіл і ііі ступенів  коледжів  ліцеїв  гімназій тощо  та надала усі необхідні методичні матеріали та рекомендації щодо успішного проходження виробничої практики студентами випускниками  особливо важливим питанням  зважаючи на війну в країні  було питання дотримання техніки безпеки та правил поведінки під час сирени на уроці  тому студенти отримали необхідні рекомендації щодо цього  мали пройти інструктаж з техніки безпеки та заповнити відповідну google форму  у період проходження педагогічної практики студенти мали виконувати завдання відповідно до функцій вчителів математики та класного керівника  тому керівник практики л і  яременко ознайомила студентів практикантів з їх безпосередніми обов язками під час практики  завданнями практики з математики  звітною документацією та критеріями оцінювання завдань практики     жовтня      року закінчилася педагогічна практика магістрантів математиків  студенти мали час для оформлення звітної документації     жовтня      року відбулася підсумкова конференція за результатами переддипломної практики  керівник практики л  і  яременко охарактеризувала загальні умови проходження практики студентами  коротко нагадала завдання практики та систему оцінювання різних видів роботи студентів практикантів  далі практиканти поділилися враженнями та представили свої доповіді на обговорення присутніх методистів та одногрупників  доповідь на тему  організація наукового дослідження  математичний напрям   презентувала катерина олегівна буц  зокрема  розповіла про виявлення та підтримку обдарованих дітей  особливості їхнього залучення до інтелектуальної та творчої діяльності  аліна володимирівна дядик схарактеризувала етапи та можливості проведення дистанційних занять з використанням дошки сlevermaths та поділилася власним досвідом використання дошки сlevermaths на уроках математики  на особливостях підготовки учнів старших класів художньо естетичного профілю до зно з математики наголосила марина іванівна меднікова  зокрема  розповіла про навчання учнів    мистецького класу прийомів угадування  вікторія василівна осіпова ознайомила учасників конференції з організацією навчання в   класі нуш  можливості використання інтерактивних технологій на уроках математики продемонструвала аліна станіславівна поповкіна  виступи практикантів спричинили жваве обговорення запропонованих тем та продемонстрували високий рівень володіння матеріалом  методисти побажали студентам випускникам нових творчих досягнень  успішного закінчення навчання та отримання дипломів магістра  кафедра математики та методики її навчання  ",1,1,0
277,"у понад     країнах світу двічі на рік переводять стрілки годинників  навесні   на годину вперед  а восени   на годину назад  перехід на літній час в україні здійснюється в останню неділю березня о   годині  а перехід на зимовий час   в останню неділю жовтня о   годині  у      році перехід на зимовий час припадає на    жовтня  яка ж користь від переходу на літній час  першим таку ідею запропонував у      році один з батьків засновників сполучених штатів америки бенджамін франклін  щоб зекономити запаси свічок  людина прокидається зазвичай на початку світлового дня  а лягає спати значно пізніше  ніж заходить сонце  переведення годинника на годину вперед сприяє ефективнішому використанню денного світла  узимку такий ефект не спостерігаємо  бо сонце сходить пізніше за звичний час пробудження людей  і те  що зекономимо ввечері  утратимо вранці  тут доцільніше повертатися до поясного часу  який є більш близьким до природного  сонячного  часу  у народі його називають  зимовий   у системі поясного часу вся поверхня землі розділена на    часових пояси  у межах поясу час однаковий і дорівнює сонячному часу його центрального меридіану  піонером запровадження літнього часу стала німеччина  під час першої світової війни     квітня      року  перевели стрілки годинників на годину вперед  а   жовтня      р    на годину назад  невдовзі такі ж зміни запровадила велика британія     березня      року конгрес сша на період війни запровадив літній час з метою заощадження палива  що використовувалося для генерації електричного струму  більшість країн  серед них й україна  за рекомендацією європейської економічної комісії оон датою переходу на літній час обрали останню неділю березня  а датою повернення на стандартний час   останню неділю жовтня  поза межами європи є різні традиції щодо дати переходу на літній час і назад  у сша  наприклад  розширюють період дії літнього часу на кілька тижнів порівняно з європейським варіантом  щоб показати свою відмінність від інших цивілізованих країн  росія та її союзники в      році відмовилися від системи літнього часу       року президент росії д  медведєв видав указ  згідно з яким після переходу на літній час у березні      р  подальші переведення годинника були скасовані  таким чином  у багатьох місцевостях росії час відрізняється від сонячного приблизно на   години протягом усього року     вересня      р  аналогічну постанову ухвалила рада міністрів республіки білорусь  спроба влади януковича запровадити такий самий порядок обчислення часу в україні виявилася невдалою     вересня      за постанову про відміну системи літнього часу в україні проголосували     народних депутатів  але після критичних виступів громадськості постанову було визнано такою  що втратила чинність  це повернуло україну до європейського часу  отже  у найближчу неділю     жовтня  дружно переводимо годинник на годину назад і отримуємо змогу на годину довше поспати у понеділок зранку  підготував доцент кафедри природничих наук і методик їхнього навчання о  в  волчанський  ",6,3,-3
279,"   жовтня   команди факультету математики  природничих наук та технологій взяли участь у першому  обласному  етапі щорічних командних змагань з програмування  цього разу контест відбувався у надскладних умовах  по перше  оргкомітет прийняв рішення проводити змагання дистанційно  а не на університетських майданчиках  як завжди  по друге  до тимчасових правил було внесено рекомендації на випадок повітряних тривог  і вони таки не раз лунали протягом дня  тому змагання було на дві години подовжено  і  по третє  кількість учасників  які змогли взяти участь у цьогорічних змаганнях  була значно меншою  ніж торік  а ті  що взяли участь  перебували у складних умовах  зокрема  у наших команд в окремі проміжки часу залишалося по одному дієздатному учаснику  оскільки в різних районах міста протягом дня вимикали світло  однак команди продовжували розв язувати задачі  підтримуючи зв язок телефонами  у кінцевому підсумку  всі команди кіровоградської області  крім трьох наших команд змагалися ще   команд технічного університету  виступили результативно  однак спортивний фарт цього року був на боці команд цнту  ранг name всього задач штрафи    cntu the greeks          cntu wheredatnet          cntu sigma male s          cntu it s cats           cuspu team          cuspu kroped          cuspu kn           cntu random       серед наших команд найкраще виступила команда магістрів спеціальності  комп ютерні науки  cuspu team у складі єгора клименка  максима грицуна  дмитра ніщеменка  варто відзначити вдалий дебют команди cuspu kroped у складі студентів групи кн  б олександра нестеренка  дениса дужича і дмитра рафєєва  для команди cuspu kn   у складі студентів групи кн  б микити шилова  сергія гацелюка та сергія гриневича цьогорічний виступ був не дуже вдалим  але також результативним  подякуємо нашим олімпійцям за мужність і витримку  побажаємо їм успіхів у навчанні  міцного здоров я і перемог   ",3,1,-2
280,"   жовтня      року відбулося онлайн обговорення опп професійна освіта  технологія виробів легкої промисловості   яке ініціювала робоча група розробників освітньої програми  учасники зустрічі жваво обмінювалися думками з питань оновлення опп  домовилися про подальшу співпрацю та виголосили бажання й надалі спільно працювати над осучаснення освітніх програм  на заході були присутні   від факультету математики  природничих наук та технологій центральноукраїнського державного педагогічного університету імені володимира винниченка  садовий микола ілліч   завідувач кафедри технологічної та професійної освіти  доктор педагогічних наук  професор  абрамова оксана віталіївна   гарант опп по  твлп   кандидат педагогічних наук  доцент  доцент кафедри технологічної та професійної освіти  чистякова людмила олександрівна   член робочої групи опп  доктор педагогічних наук  доцент  доцент кафедри технологічної та професійної освіти  пуляк ольга василівна   член робочої групи опп  кандидат педагогічних наук  доцент  доцент кафедри технологічної та професійної освіти  куценко тетяна володимирівна   член групи забезпечення освітнього процесу опп по  твлп   старший викладач кафедри технологічної та професійної освіти  рябченко анастасія володимирівна   член робочої групи опп  студентка іі курсу спеціальності професійна освіта  технологія виробів легкої промисловості     від навчально методичного кабінету професійно технічної освіти у кіровоградській області  суріна тетяна вікторівна   методистка    від факультету технологій та дизайну полтавського національного педагогічного університету імені в  г  короленка  кулик євген володимирович   завідувач кафедри основ виробництва та дизайну  доктор педагогічних наук  професор  борисова тетяна миколаївна   гарант опп по  твлп   доцент кафедри основ виробництва та дизайну факультету  кандидат педагогічних наук  доцент  титаренко валентина петрівна   декан факультету технологій та дизайну  доктор педагогічних наук  професор  срібна юлія анатоліївна   доцент кафедри теорії і методики технологічної освіти  кандидат педагогічних наук  доцент  л  о  чистякова виступила модератором зустрічі  оголосила план роботи та окреслила коло питань  які планується розглянути  на зустрічі обговорили особливості оновлення опп  піднімали важливі питання відповідності програми нормативним документам  на яких вона базується та співпраці зі стейкхолдерами й врахуванні їхніх інтересів  вимоги стандарту вищої освіти україни зі спеціальності      професійна освіта  за спеціалізаціями   для першого  бакалаврського  рівня вищої освіти         врахування професійного стандарту  педагог професійного навчання  в опп  формування програмних результатів навчання з урахуванням вимог національної рамки кваліфікацій та інше  о  в  абрамова  гарант опп по  твлп  представила освітню програму та запропонувала висловитися присутніх щодо необхідності та можливостей її оновлення відповідно вимогам сьогодення  діючим нормативним документам  в  п  титаренко звернула увагу присутніх на важливість врахування інтересів стейкхолдерів  зокрема  зауважила  що пріоритетним необхідно визначити потенційних роботодавців для здобувачів освіти та спиратися на їх вимоги при формулюванні цілей та програмних результатів навчання та оновленні переліку освітніх компонентів та їх змісту  валентина петрівна наголосила  що для підвищення престижності спеціальності  збільшення контингенту студентів та перспектив працевлаштування випускників  потрібно посилювати співпрацю із закладами професійної  професійно технічної  освіти  як головними стейкхолдерами  є  в  кулик висловив думку  що для оновлення змісту освітніх компонентів  найкраще коли науково педагогічна спільнота бере участь у наукових конференціях  семінарах  слухаючи доповіді  спілкуючись із доповідачами із усіх вузів україни  з являються слушні пропозиції та ідеї щодо вдосконалення наповнення освітніх компонентів сучасними актуальними тематиками галузі  переймати провідний досвід та упроваджувати методи й форми навчання на освітній програмі  і  як вже було зазначено  необхідно враховувати пропозиції стейкхолдерів  далі науковець поділився вивченим європейським досвідом професійної освіти  особливо цікавий досвід німеччини  фінляндії  які зараз домінують в системі освіти  технологій   по перше  проблема є не в знаннях та не у вміннях  проблема існує у браку  компетентнісного підходу  в особистих характеристиках людини  чи можуть учні знання й уміння перекласти в професійну площину  по друге  рівень нашої освіти по знаннях на декілька голів вище ніж у зарубіжних країнах але рівень використання знань на практиці настільки менший  на скільки вищий у теоретичних знаннях    висловився кулик євген володимирович    в наших закладах освіти не вчать представити себе та свій продукт праці чи послуг  складати резюме та професійне портфоліо тощо  необхідно  щоб наша професійна й технологічна освіта розвивалася у контексті європейської системи    з наукової точки зору необхідно об єднання спільноти професійної освіти та рух у напрямку європейської перспективи тощо   т  м  борисова окреслила придатності до працевлаштування випускників опп відповідно до прописаних професій у стандарті вищої освіти україни зі спеціальності      професійна освіта  за спеціалізаціями   для першого  бакалаврського  рівня вищої освіти  де вказано  що випускник може працювати у закладах профільної середньої  професійної  професійно технічної   позашкільної  фахової передвищої освіти  підприємствах  установах та організаціях галузі  сфери  за спеціалізацією   стандарт не обмежує присвоєння кваліфікації в межах придатності до працевлаштування  отже  відповідно опп має забезпечити у формулюванні присвоєної спеціалізації  цілях та програмних результатах навчання можливості такого працевлаштування  тому було обговорено питання формулювання назви освітньої кваліфікації  яку записано у опп  було запропоновано звернутися до роботодавців та спираючись на їх запити визначити кваліфікацію здобувачів спеціальності  як гарант аналогічної опп у полтавському національному педагогічного університеті імені в г  короленка  тетяна миколаївна поділилася досвідом оновлення програми та освітніх компонентів та їх змісту  при оновленні опп можна звернути увагу на необхідність врахування роботи майбутніх фахівців у інклюзивному середовищі  відповідно корисним буде вивчення навчальної дисципліни  основи інклюзивної освіти   та на сучасні підходи у формуванні зазначених раніше особистісних характеристиках професіоналів галузі  відповідно вивчення дисципліни  технології особистісного зростання та командної роботи    основи педагогічної майстерності  тощо  а  в  рябченко погодилась  що перелік освітніх компонентів цілком забезпечує підготовку здобувачів до професійної діяльності у напрямку технології виробів легкої промисловості  врахування освітньої кваліфікації у дипломі надасть більше можливостей у працевлаштуванні випускників та збільшить привабливість та популярність спеціальності серед абітурієнтів  т  в  суріна назвала перелік робітничих професій  які готують заклади професійної  професійно технічної  освіти області та підприємств міста  які зацікавлені у залученні кадрів швейної галузі  м  і  садовий поділився досвідом роботи та співпраці зі стейкхолдерами області  розказав про особливості залучення абітурієнтів на опп  обговорив питання інклюзивної освіти та вивченням проблем особливостей навчання осіб з обмеженими можливостями  зазначив  що на даний момент на освітній програмі такі здобувачі не навчаються  проте група забезпечення освітнього процесу опп та керівництво факультетом й університетом може забезпечити їхнє навчання  результати зустрічі зі стейкхолдерами на представниками наукової спільноти обговорено членами робочої групи освітньої програми  пропозицій узагальнено у даній публікації та буде враховано при оновленні та підготовці проєкту опп на         н р  повідомлення підготували оксана абрамова та людмила чистякова  ",7,1,-6
284,"   жовтня      року відбулася відкрита лекція з дисципліни  теорія еволюції  доктора педагогічних наук  професора  доцента кафедри природничих наук і методик їхнього навчання дефорж ганни володимирівни для студентів спеціальності        середня освіта  природничі науки  другого  магістерського  рівня вищої освіти  на заході були присутні в  о  завідувача кафедри  доктор педагогічних наук  професор і  в  сальник  доктор педагогічних наук  професор  заслужений вчитель україни н  а  калініченко  доктор педагогічних наук  доцент в  м  плющ  кандидат хімічних наук  доцент о  в  терещенко  кандидат біологічних наук  доцент м  с  боброва тема відкритої лекції  основні етапи хімічної та біологічної еволюції  охоплювала такі питання  хронологія землі  сучасні гіпотези походження життя  хімічний період еволюції  біологічний період еволюції  лекція була насичена термінами  визначеннями  були представлені різні гіпотези та концепції походження життя на землі  студенти розглянули  що таке геохронологічна шкала  її будову  еон  ера  періоди  історія створення шкали  дізналися  що таке абсолютний вік і відносний вік  що таке стратиграфія  біостратиграфія  спорово пилковий аналіз  радіометричні методи  цікавим було питання про виникнення життя на землі  лекторка схарактеризувала безліч концепцій  теорій і гіпотез  зокрема  креаціонізм  теорію спонтанного зародження  стаціонарного стану  панспермії  коацерватну та генетичну гіпотези  також на лекції були представлені вітчизняні та іноземні вчені винахідники  лауреати нобелівської премії  після лекції відбулося обговорення  кожен з присутніх висловив свою думку  лекція отримала схвальні відгуки  була проведена на високому науково методичному рівні  постійно відбувався зв язок з аудиторією  студенти виступали в якості активних учасників лекції  відповідали на питання  які лектор задавала у процесі викладення матеріалу  під час лекції була використана демонстрація матеріалу у вигляді презентації  запрошені науковці дійшли висновку  що дисципліна  теорія еволюції    це синтез таких наук  як біологія  хімія  фізика  географія  яка покликана формувати науковий світогляд студентів і займає вагоме місце в циклі підготовки студентів природничого спрямування  інформацію надали в  о  завідувача кафедри  доктор педагогічних наук  професор і  в  сальник та доктор історичних наук  доцент г  в  дефорж  ",1,0,-1
286,"завданнями проєкту  субнаціональна гендерна рівність  баланс цінностей єс та українських реалій  за програмою єс еразмус  з напрямку жан моне передбачено викладання магістрантам факультету курсів з гендерного мейнстримінгу  такі курси були заплановані на двох спеціальностях факультету математики  природничих наук та технологій  дві групи студентів спеціальності     середня освіта  математика   групи міе  м та ма  м  вивчають курс за вибором  методологічні основи гендерного мейнстримінгу   а студенти спеціальності     комп ютерні науки  група кн  м  вивчають курс за вибором  гендерний аналіз  аудит та бюджетування   викладачами обох курсів є учасники робочої групи проєкту subgend катерина акбаш  наталя пасічник та ренат ріжняк  кожен навчальний курс складаються з трьох модулів  модуль  гендерний аналіз   викладачка   доцентка катерина акбаш  містить   теми  тема    гендерний аналіз як інструмент гендерного мейнстримінгу  основи проведення гендерного аналізу у демографічній і соціальній статистиці  тема    демографічні показники як основа гендерного аналізу тема    гендерний аналіз соціально економічної сфери тема    міжнародні складні гендерні індекси  методика регіональної адаптації  тут розглядаються методи створення інфографіки на прикладі показників демографічної гендерної статистики  використовуються різноманітні джерела отримання даних  міжнародні  національні  регіональні   аналітика карт  отримання динамічних рядів даних  групування даних  створення графіків  схем  створення короткої аналітики у вигляді інфографіки  у тому числі за допомогою сучасних інструментів для створення інфографіки   модуль  гендерний аудит   викладач   професор ренат ріжняк  також складається з   х основних тем  тема    методологія гендерного аудиту  загальний огляд  тема    проведення гендерного аудиту  тема    семінари при проведенні гендерного аудиту  тема    забезпечення зворотного зв язку та звітності за результатами гендерного аудиту  у змісті модуля   висвітлення задач гендерного аудиту  характеристика    ти основних тем для аналізу під час аудиту  визначення складових гендерного аудиту  правила проведення співбесід та навчальних семінарів з гендерного аудиту  завершальний модуль  гендерне бюджетування   викладачка   професорка наталя пасічник  передбачає ознайомлення студентів магістратури з такими темами  сутність  принципи та базові поняття гендерно орієнтованого бюджетування  методологія та інструментарій гендерно орієнтованого бюджетування  обчислення витрат на цілі досягнення гендерної рівності  ініціативи з гендерно орієнтованого бюджетування на субнаціональному та місцевому рівнях в україні  зміст модуля насичений частково теоретичним матеріалом  втім основну його частину складають практичні задачі та ситуації  алгоритми розв язання яких знаходяться та пропонуються під час детального вивчення та дослідження  у процесі викладання курсів учасники робочої групи крім широкого переліку матеріалів європейських колег та нормативних документів відповідних служб оон використовують як власні напрацювання  так і результати досліджень  що проводяться в рамках функціонування міждисциплінарного наукового центру прикладних досліджень  навчання відбувається на платформі google classroom  куди й підвантажені всі необхідні матеріали для вивчення курсу  лекції  посібники  презентації й індивідуальні завдання   ",1,0,-1
287,"на факультеті математики  природничих наук та технологій    жовтня      року в онлайн режимі відбувся захист виробничої  педагогічної  практики студентів іі курсу другого  магістерського  рівня вищої освіти  які навчаються за спеціальністю     середня освіта  природничі науки   виробничу  педагогічну  практику студенти проходили у період з    вересня по    вересня      року в зво  кіровоградський кооперативний коледж економіки і права імені м п  сая кіровоградської облспоживспілки   попередньо студенти були ознайомлені зі змістом завдань практики  який визначають чотири модулі  методичний модуль  фаховий  виховний та організаційний  одним із завдань практики також була апробація результатів матеріалів досліджень відповідно до тематики кваліфікаційних робіт  організація освітнього процесу в закладі здійснюється в очному та гібридному форматах  то ж магістранти проводили пари в аудиторіях  для тих учнів  що не мали змоги бути на занятті   підключали вебкамеру для онлайн трансляції  та паралельно висвітлювали матеріали на платформі google classroom  під час захисту матеріалів педагогічної практики студенти поділилися позитивними враженнями від роботи зі старшокласниками  підготували короткі доповіді й презентації проведених уроків  позакласних заходів зі спеціальності  продемонстрували розробки унаочнення та профорієнтаційних заходів для учнів  наприкінці заходу керівники практики озвучили підсумкові результати та привітали студентів з відмінними результатами  валентина плющ  д пед н   проф   ",0,1,1
288,"   жовтня      року на факультеті математики  природничих наук та технологій відбулася кураторська година студентів другого  магістерського  рівня вищої освіти спеціальності  середня освіта  природничі науки   група пн  м  присвячена  дню захисника україни   перед здобувачами вищої освіти виступила куратор групи  д пед н  валентина миколаївна плющ  яка зазначила  що    жовтня в україні завжди відзначається свято покрови пресвятої богородиці  яка здавна вважається захисницею українських воїнів  а зважаючи на складну історію нашої держави   сакральний сенс свята з часом отримує нові значення і лише підсилює роль цього дня у нашому житті  одна дата поєднує у собі три яскравих історичних періоди нашої держави  розквіт козацтва  відчайдушну боротьбу повстанців та звісно ж   сьогодення  під час заходу  вшанували пам ять про тих  котрі відстоюють цілісність нашої країни  захищаючи кожного з нас  згадали історію козацтва та історію нашої країни в цілому  адже знання історії рідної країни   це фундамент для формування гідної особистості та відданого громадянина своєї батьківщини  обговорили серію документальних фільмів  великі українці  та  таємниці великих українців   студенти продемонстрували свої відеозвернення зі словами вдячності нашим захисникам  дякуємо захисникам і захисницям  низький уклін усім  хто боронить наше життя  нашу землю і небо  шана і слава захисникам і захисницям вітчизни  слава україні  інформацію підготували  куратор групи пн  м   д п н   проф  в м плющ студенти групи пн  м  відео   наголошено  що матеріали для відео взято з особистих даних та подано за згодою   ",0,5,5
289,"студенти з групи цт  б  островський роман та павлюк денис  спеціальності     професійна освіта  цифрові технології  продовжують приймати активну участь у серії заходів під назвою  профорієнтаційна презентація університету   так     жовтня      року делегація студентів та викладачів центральноукраїнського державного університету імені володимира винниченка відвідала малу виску  де були презентовані основні здобутки нашого закладу вищої освіти  представники факультету математики  природничих наук та технологій презентували створених власноруч роботів  глядачам було презентовано можливості роботів зі сцени  далі запропоновано подивитися на виставку роботів  а також прийняти участь в їх керуванні  школярів ознайомили зі здобутками студентів спеціальності     професійна освіта  цифрові технології  у напрямку цифровізації та створення роботизованих систем  бажаючі з цікавістю долучилися до того  як правильно керувати пристроями  наприклад  вони мали справу з роботом ладифі  а також роботом  який має камеру  наприкінці учні були долучені до участі у тестуванні сигналізації  за активну діяльність  вони отримували призи від нашого університету  останнє завдання було не самим з найлегших  одному з учасників довелося пройти складний шлях під сигналізацією  він отримав підказку у вигляді нагадування того  що він міг побачити у фільмах  маючи в руках дезодорант  який йому видали студенти  здобувач освіти розпилив його у повітрі та побачив сам лазер  будучи дуже спритним  він зміг перестрибнути його та справитися з поставленою задачею  після чого отримав нагороду  жваве обговорення у присутніх викликала інформація  що студенти активно співпрацюють з відділом протидії кіберзлочинам в кіровоградській області департаменту кіберполіції нпу  павлюк денис розповів за проєкт  мрія  та ознайомив глядачів з відео матеріалом від департаменту кіберполіції  а також запропонував бажаючим долучитися до команди  вкінці  він наголосив  що кожен українець   воїн на своєму фронті  а наш фронт   інформаційний  після завершення нашого виступу нам було дуже приємно отримувати запитання від викладачів закладів освіти та школярів   а чим саме ви займаєтеся у співпраці з кіберполіцією  чи важко створювати  d моделі  чи створюєте ви програми   для нас це було показником того  що нас не тільки слухали  а ще й зацікавилися нашою діяльністю  мандрівка роботів кіровоградщиною триває  чекайте нас у своєму місті чи селищі  до зустрічей  інформацію підготував студент роман островський  цт  б   ",1,1,0
290,"протягом жовтня кожного року жителі землі можуть спостерігати метеорний потік драконіди  названий так за назвою сузір я дракона  хоча спостерігати потік можна протягом всього жовтня  пік активності припадає на середину місяця  падаючі зірки   метеори   являють собою невеликі частинки міжпланетної речовини розмірами від піщинок до горошин  вони входять до земної атмосфери на швидкості близько    кілометрів на секунду і практично миттєво згорають  залишаючи в небі красивий яскравий слід  максимальне число метеорів на годину зазвичай не перевищує і     від багатьох метеорних потоків драконіди відрізняються тим  що найчастіше мають жовтуватий або червонуватий колір  метеорні потоки зазвичай називають іменами сузір їв  у яких розташовані їх радіанти  точки неба  з яких розходяться треки частинок   персеїди   від сузір я персея  леоніди   від сузір я лева  або ж  якщо в сузір ї розташовано кілька радіантів    за назвою найближчої зірки  ета аквариди  дельта аквариди   метеори драконід розлітаються із сузір я дракона  точніше від частини неба  де знаходиться  голова  дракона   ця точка  яка називається радіантом метеорного потоку  не заходить під горизонт на території україни  тому потік можна спостерігати цілу ніч  своїм походженням метеорний потік драконіди зобов язаний кометі джіакобіні ціннера через залишене нею на орбіті скупчення твердих частинок  метеороїдів   комета  наближаючись до сонця  нагрівається  розсіюючи в міжпланетному просторі дрібні частинки льоду та пилу  які під дією сонячного вітру трохи віддаляються від самої комети  залишаючись поблизу її орбіти  коли земля на своєму шляху навколо сонця зустрічається з цими частинками  вони проникають до атмосфери і прокреслюють то прямі суцільні  часом переривисті лінії  а іноді навіть мають вигляд однієї або кількох вогняних куль  більшість спалахів спричинені метеороїдами розміром з піщинку  трохи термінології  тіло  що заходить у земну атмосферу з космосу  називається метеором  якщо тіло яскравіше   ї зоряної величини або має помітні кутові розміри   болідом  метеор або болід  що впав на поверхню землі називається метеоритом  інформацію підготував доцент кафедри природничих наук та методик їхнього навчання о в волчанський  ",5,0,-5
293,"   жовтня      року розпочалися заняття у студентів   курсу другого  магістерського  рівня вищої освіти на факультеті математики  природничих наук та технологій  на перше вступне заняття до них завітали декан факультету та заступники  завідувачі кафедр та куратори  розпочався захід з вітального слова декана факультету  доктора педагогічних наук  доцента т в фурсикової  далі тетяна володимирівна наголосила на особливостях організації освітнього процесу в           н р   окремо зупинилася на графіку освітнього процесу та термінах навчання  наступні слова вітання пролунали від завідувача кафедри  професора м і садового та кураторів  саме це заняття стало першою сходинкою наших магістрантів на шляху до отримання диплому  успіхів вам  інформація надана заступником декана о м трифоновою  ",0,2,2
294,"   вересня      року професор кафедри природничих наук і методик їхнього навчання  доктор педагогічних наук  заслужений учитель україни надія андріївна калініченко взяла участь в урочистостях  присвячених     річниці з дня народження видатного педагога гуманіста  вченого  письменника  громадського діяча  нашого земляка василя олександровича сухомлинського  вшанування пам яті відбулася біля меморіальної дошки на фасаді кіровоградського обласного інституту післядипломної педагогічної освіти імені василя сухомлинського  надія андріївна знана в україні науковиця сухомліністка  послідовниця василя олександровича  яка була особисто знайома з педагогом гуманістом та його родиною  з якою й дотепер підтримує зв язки  у своїй промові надія андріївна наголосила  що василь олександрович мав не лише педагогічний  але й літературний талант  який залишив нащадкам унікальну літературну спадщину  а також акцентувала на участі педагога у період другої світової війни як незламного борця за волю і свободу батьківщини  на церемонії вшанування пам яті також виступили сергій петров  голова кіровоградської обласної організації профспілки та юлія федорова  заступник директора інституту кз  коіппо імені василя сухомлинського   пам ять видатного педагога гуманіста вшанували покладанням квітів до меморіальної дошки  інформацію надала професор г  в  дефорж  кіровоградська обласна організація профспілки працівників освіти і науки   ",1,0,-1
296,"дорогі наші викладачі  щиро вітаємо вас з професійним святом  висловлюємо вам сердечну вдячність за невтомну працю  за великий талант і покликання сіяти мудрість і знання  ваші серця завжди наповнені співчуттям  добротою і милою приємністю  цими чудовими якостями ви щедро ділитесь з нами  вам вірять  вас люблять і шанують  ви здійснюєте зв язок часів  продовжуючись у своїх студентах  бажаємо впевненості та бадьорості  здоров я та натхнення  поваги та любові  вдачі та успіху  нехай кожен день буде добрим та веселим  цікавим та яскравим  нехай кожен студент радує вас своїми досягненнями  нехай кожна близька людина дарує вам гармонію та щастя   ",0,1,1
297,"   вересня      року студенти з групи цт  б та цт  м спеціальності     професійна освіта  цифрові технології  взяли участь у профорієнтаційній презентації центральноукраїнського державного університету імені володимира винниченка університету  цього разу делегація студентів і викладачів прибула в новгородку  візит став першим із запланованих поїздок до міст і селищ кіровоградської області  щоб ознайомити майбутніх абітурієнтів із перспективами отримання якісної вищої освіти в нашому університеті  не залишились осторонь цієї події і роботи створені на факультеті математики  природничих наук та технологій  вони гордо розпочали свою мандрівку кіровоградщиною  так  студенти павлюк денис  островський роман і залевський андрій презентували роботів  які були створені студентами факультету під час занять з робототехніки  мехатроніки та під час роботи студентських гуртків  наукові керівники  м і садовий  д в соменко  о м трифонова   глядачам було запропоновано прийняти участь у керуванні одного з роботів  а саме робота з камерою  охочі з цікавістю впоралися із завданнями  найактивніші отримали заохочувальний приз від нашого університету  наступне завдання було з нелегких  довелося пройти складний шлях під сигналізацією  самим винахідливим було запропоновано здолати перешкоду за допомогою лайфхаків із фільмів  використовуючи дезодорант та крейдову пудру  учасники з помітним хвилюванням справлялися з завданням  після чого отримали нагороду  студенти не лише ознайомили слухачів з функціоналом роботів і цифрової техніки  а й наголосили на своїй активній співпраці з відділом протидії кіберзлочинам в кіровоградській області департаменту кіберполіції нпу  павлюк денис  як відповідальний за групу від університету  розповів за проєкт  мрія  та ознайомив глядачів з відеоматеріалом від департаменту кіберполіції  він запропонував усім охочим долучитися до групи та наголосив  що кожен українець   воїн на своєму фронті  наш фронт   інформаційний  після завершення виступу нам було дуже приємно отримувати запитання від присутніх  це показник  що нас не тільки слухали  а ще й зацікавилися нашою спеціальністю  нашими роботами  нашою діяльністю та її результатами  мандрівка роботів кіровоградщиною триває  чекайте нас у своєму місті чи селищі  до зустрічей  інформацію підготували студенти денис павлюк  цт  б   роман островський  цт  б  і андрій залевський  цт  м   ",1,1,0
299,"   вересня      року на базі відпочинку  буревісник  центральноукраїнського державного педагогічного університету імені володимира винниченка  відбувся захід для студентської молоді  студмісто      осінь    всеуніверситетський квест знайомство з першими курсами  команда факультету математики  природничих наук та технологій була представлена першокурсниками від кожної спеціальності  захід розпочався з привітання всіх учасників команд та веселої руханки  а далі учасників заходу чекали захопливі завдання квесту орієнтування  step by step  та змагання з волейболу  всі учасники змагань проявили винахідливість та кмітливість  спритність та швидкість  командний дух та жагу до перемоги  квест передбачав виконання передбачених організаторами завдань спортивний дух сильно відчувався і на майданчику з волейболу  після проходження смуги перешкод студенти першокурсники втомлені  але задоволені собою від повністю виконаної програми почали готуватися до музичної частини заходу  виступи студентів факультету були блискучі  спільно виконана пісня  червона рута  та презентований вірш  ти знаєш  що ти   людина  василя симоненка нікого з присутніх не залишили байдужим  joomlaworks  allvideos  plugin  v       starts here далі студентів чекав смачний обід  який ставав ще смачнішим у дружній компанії  і нарешті найвідповідальніша мить   нагородження переможців та отримання призів  команди факультетів отримали свої нагороди з рук ректора університету доктора юридичних наук  професора є ю соболя  у скарбничці факультету математики  природничих наук та технологій ііі місце у волейболі та переможне і місце у квесті  вітаємо наших першокурсників  дякуємо нашим студентам організаторам  які приклали багато зусиль  щоб це свято запам яталося нашим першокурсникам  інформація надана студрадою факультету та заступником декана о м трифоновою  ",1,1,0
300,"   вересня      року викладачі кафедри провели онлай зустріч із школярами і студентами кіровоградщини  найбільш активно до заходу долучились учні кз  ліцей  максимум  кропивницької міської ради    ліцею    імені героя україни березняка євгена степановича помічнянської міської ради кіровоградської області   студенти кіровоградського кооперативного фахового коледжу економіки і права імені м  п  сая  розпочалася зустріч екскурсією  загадки неба   яку проводив доцент о  в  волчанський  слухачі з цікавістю ознайомились із будовою всесвіту  історією виникнення сузір їв і їхніх назв  загадками сонячних і місячних затемнень  після завершення екскурсії доценти г  в  дефорж  о  в  терещенко  о  в  волчанський ознайомили присутніх з конкурсними пропозиціями цду ім  в  винниченка для абітурієнтів  детально розповіли про спеціальності природничо математичного профілю  фізика  біологія  хімія  географія  природничі науки   повідомили про можливості підвищення рейтингу абітурієнта за рахунок участі у предметних олімпіадах університету  інформацію підготував доцент кафедри природничих наук і методик їхнього навчання о в волчанський  ",1,0,-1
302,"   вересня на базі кафедри математики та методики її навчання поновив свою роботу науково методичний семінар  актуальні проблеми навчання математики  інформатики та економіки   у семінарі взяли участь як члени кафедри математики та методики її навчання  так і близько    вчителів математики з різних областей україни  з вітальним словом до учасників засідання семінару  актуальні проблеми навчання математики  інформатики та економіки  звернулася завідувачка кафедри математики та методики її навчання  доктор педагогічних наук юлія володимирівна ботузова  яка побажала плідної та натхненної роботи усім присутнім  спікером першого цього навчального року засідання науково методичного семінару стала кандидатка фізико математичних наук  доцентка кафедри математики та методики її навчання інна геннадіївна ключник  інна геннадіївна запропонувала до розгляду учасників семінару тему  аналітичний метод розв язування задач з параметром   обґрунтовуючи актуальність запропонованої доповіді  і  г  ключник наголосила на високих вимогах щодо змісту знань  умінь і навичок  які ставляться перед сучасними випускниками шкіл  що  своєю чергою  визначає конкурентну спроможність фахівця на сучасному ринку праці  гострою стає потреба в ініціативній і діяльній особистості  здатній безперервно поповнювати запаси професійних знань і умінь  грамотно ставити цілі своєї професійної діяльності й досягати їх  творчо підходити до справи  особистість починає формуватися зі шкільних років  роль математики виняткова в розумовому вихованні  при вивченні математики розглядаються задачі  для розв язання яких необхідні не лише знання шкільної програми  а й творче застосування цих знань  зокрема  при розв язуванні задач з параметром  розв язуванням рівнянь з параметрами присвячені праці г  в завізіона  р  я  ріжняка  в  а  кушніра  особливості організації розв язування нестандартних та олімпіадних задач досліджуються в роботах л  в  ізюмченко  б  в  рубльова  о  о  сарани  в  а  ясінського та інших  проте  не зважаючи на значну кількість досліджень  це питання досить актуальне  тому що задачі такого типу зустрічаються в завданнях шкільних  районних олімпіад з математики  у завданнях для державної підсумкової атестації  труднощі при розв язуванні задач з параметром виникають як у учнів шкіл  так і у майбутніх вчителів математики  з поміж питань  які обговорювалися на семінарі  визначено такі  актуальність навчання учнів розв язувати задачі з параметром  пропедевтика поняття  параметр   розв язування задач з параметром  лайфхак розв язування тригонометричних нерівностей з параметром  після доповіді інни геннадіївни учасники семінару відзначили надзвичайну важливість розглянутих питань  обговорили способи подолання труднощів при викладанні теми в школі та висловили вдячність спікеру засідання  завідувачка кафедри математики та методики її навчання ю  в  ботузова запрошує науковців  учителів  студентів та всіх охочих до участі у роботі наступного засідання науково методичного семінару  актуальні проблеми навчання математики  інформатики та економіки     жовтня      року  інформацію підготувала в  в  нічишина  ",2,0,-2
303,"чергове засідання вже традиційного семінару міждисциплінарного наукового центру прикладних досліджень  interdisciplinary scientific center applied research   iscar   що відбулося    вересня цього року було присвячено кільком важливим питанням  у засіданні семінару взяли участь  проректорка з наукової роботи нашого університету доцент лілія клочек  доктори наук професори та доценти анна дефорж  сергій михида  микола садовий  ірина сальник  юлія харченко  наталя пасічник  тетяна фурсикова  юлія ботузова  олена трифонова та кандидати наук доценти катерина акбаш  ольга рєзіна  андрій ткачук  на початку засідання присутніх привітала проректорка лілія клочек  коротко презентувавши  заходи щодо оптимізації наукової діяльності та покращення рейтингових показників цдпу ім  в  винниченка   з доповідями про перші підсумки реалізації проєкту  субнаціональна гендерна рівність  баланс цінностей єс та українських реалій  за програмою єс еразмус  з напрямку жан моне виступали професор ренат ріжняк та професорка наталя пасічник  ренат ріжняк підбив наукові підсумки проведення першої літньої школи за проєктом  назвавши особливості підготовки та узгодження змісту навчальної діяльності за основними розділами теоретичного та практичного матеріалу школи  характеристика українських проєктів з гендерної тематики  особливості становлення теорії та практики гендерних досліджень  гендерна нерівність в засобах масової інформації  особливості роботи зі статистичними даними в галузі освіти та інші  повністю матеріали доповідача можна передивитися в презентації   наталя пасічник запропонувала присутнім результати її гендерного дослідження спільно з доценткою іриною лупан та студентками математиками катериною буц та аліною поповкіною структурних елементів прихованого навчального плану  що проводилося у школах кропивницького протягом листопада      р    лютого      р  тези доповіді доповідачки можна переглянути в презентації    на завершення роботи семінару професор ренат ріжняк зробив коротку доповідь  про організацію в університеті роботи з підготовки та виконання національних та міжнародних проєктів   анонсувавши зміст свого доручення від ректора університету професора євгена соболя як помічника ректора з вказаних питань  презентація    в обговореннях виступів взяли участь професорка анна дефорж та професор сергій михида   ",2,0,-2
304,"народився олексій миколайович    вересня      року  з      року пов язав своє життя з кіровоградським державним педагогіч ним інститутом  спочатку студент фізико математичного факультету  потім з      року асистент кафедри елементарної математики  три роки            рр   навчався в аспірантурі київського педінституту ім  м  горького  у      році в інституті математики ан урср захистив кандидатську дисертацію за спеціальністю  диференціальні рівняння та математична фізика   тема дисертації та подальших наукових досліджень   асимптотичні методи в лінійних системах інтегро диференціальних рівнянь  по закінченню навчання в аспірантурі повернувся на кафедру математичного аналізу кдпі  де спочатку працював старшим викладачем  а потім доцентом  був заступником декана            рр    деканом фізико математичного факультету            рр    завідувачем кафедри математики              в університеті о  м  вороний викладав  математичний аналіз   спецкурс  задачі математичних олімпіад  та ін   керував педагогічною практикою студентів  курсовими та дипломними роботами  на тему наукового дослідження олексій миколайович опублікував близько    робіт  основні результати поміщені в журналах  доповіді ан урср    українському математичному журналі    дифференциальных уравнениях    известиях вузов  та навчальному посібнику  асимптотические методы в дифференциальных и интегро дифференциальных уравнениях   співавтори м  і  шкіль та в  м  лейфура   за методичними напрямками його досліджень  шляхи підвищення навчально виховного процесу з математики та організація інтенсивної математичної підготовки обдарованих школярів кіровоградщини опубліковано більше    робіт  це  зокрема  методичні розробки  для студентів  метрические пространства   для учнів і вчителів  деякі задачі математичних олімпіад    кіровоградські математичні олімпіади школярів           рр    статті в журналах  у світі математики    математика в школі  та ін  вороний о м  систематично читав лекції на курсах підвищення кваліфікації вчителів математики в комунальному закладі  кіровоградський обласний інститут післядипломної педагогічної освіти імені василя сухомлинського   був членом журі  експертом на обласному етапі всеукраїнських олімпіад з математики  проводив велику науково методичну роботу серед учителів та учнів міста  працював з  малими академіками  кіровоградського відді лення малої академії наук україни  багато молодих науковців та вчителів завдячують олексію миколайовичу своїм становленням та професійним ростом  десятки вчителів вивчають та використовують у своїй роботі його передовий педагогічний досвід  він назавжди запам ятається в історії факультету як принциповий  вимогливий  мудрий керівник  видатний математик  педагог  вчитель  світла пам ять олексію миколайовичу  доцент кафедри математики та методики її викладання яременко л і   ",2,2,0
305,"   вересня відбудеться чергове осіннє рівнодення   в усіх точках земної поверхні тривалість дня дорівнюватиме тривалості ночі  осіннє рівнодення є досить важливою віхою зміни сезонів  саме з нього у більшості народів починався відлік осені  яка з кожним днем все впевненіше вступає у свої права  тривалість дня стає меншою за тривалість ночі скорочення світлового дня відбуватиметься до    грудня  дня зимового сонцестояння   після чого він знову почне збільшуватися  чому ж постійно протягом року змінюється тривалість дня  якби земна вісь була перпендикулярною до площини орбіти  то зміни пір року та тривалості дня не відбувалося б  насправді ж вісь обертання нашої планети нахилена до площини орбіти під кутом        і земля при русі по орбіті почергово повертається до сонця то північною  т південною півкулями  рис    зараз такі дні  коли сонце однаково освітлює дві півкулі землі  настають тільки двічі на рік   весною       березня і восени       вересня  коли на всіх материках однакова тривалість дня      годин  вони називаються днями рівнодення  за рахунок дійсного явища   річного руху землі   ми спостерігаємо видимий рух сонця по зодіакальному колу  екліптиці   рис   рівнодення   момент часу  у який центр сонячного диску у своєму видимому русі екліптикою перетинає небесний екватор  проходячи через точку осіннього рівнодення сонце до переходить до південної півкулі небесної сфери  протилежна їй точка весняного рівнодення  т γ на рис     повертає  сонце до північної півкулі  рис    із рисунку   видно  що протягом року постійно змінюється відстань сонця від небесного екватора  а значить і його добова траєкторія на небесній сфері  відповідно постійно змінюються тривалості дня та ночі  рис      рис    щорічно сонце проходить точку весняного рівнодення    або    березня  цей момент вважають початком астрономічної весни в північній півкулі   а точку осіннього рівнодення      або    вересня   початок астрономічної осені  підготував доцент о в волчанський  ",1,0,-1
308,"     року україна традиційно приєдналась до всесвітнього дня прибирання  world cleanup day  разом з мільйонами учасників у     країні світу  гаслом цьогорічного став вислів   хай небо буде мирним  а україна чистою    так у всіх регіонах із дотриманням карантинних норм та обмежень воєнного часу  враховуючи норми безпеки та географічні особливості регіонів відбулася акція з прибирання територій  студенти факультету математики  природничих наук та технологій приєднались до цього заходи та надихнули своєю турботою про екологічний стан нашого міста тисячі людей  інформація надана студрадою факультету  ",0,1,1
310,"без сумніву  саме інвестиції в професійну підготовку та освіту є запорукою економічного розвитку та скорішому виходу з кризи  пандемія covid     а пізніше незаконна збройна агресія росії проти україни завдали важких ударів стабільності  ринкам праці  спровокували міграцію  проблеми з безробіттям  як ніколи загострили важливість інклюзивного підходу до питання освіти та перепідготовки  у настільки складний час важливо успішно трансформувати наявну соціальну та освітню системи  просувати інклюзивність  цифровізацію освіти  соціальні інновації  трудову мобільність тощо          вересня      року студенти та викладачки кафедри технологічної та професійної освіти цдпу імені в  винниченка ольга василівна пуляк  наталя василівна мироненко та оксана віталіївна абрамова взяли участь у роботі конференція  освіта  перепідготовка та інклюзія  трансформація під час кризи   на конференції обговорювалися питання професійної перепідготовки  трансформації професійної освіти  зміни у законодавстві україни щодо професійної освіти  освіти дорослих  соціальної політики та ринку праці  питання біженців тощо організаторами заходу виступили прикарпатський національний університет імені василя стефаника  центр інноваційних освітніх технологій  pnu ecosystem   український інститут міжнародної політики  учасники конференції  національний координатор україни в стратегії єсдр  урядовці залучених міністерств  представники європейської комісії  представники партнерів розвитку  заклади вищої та професійної  професійно технічної  освіти  обласні департаменти освіти  навчально методичні  науково методичні  центри  кабінети  професійно технічної освіти  з вітальним словом до учасників конференції звернулися  ігор корховий  національний координатор україни в єсдр  заступник міністра розвитку громад та територій україни з питань європейської інтеграції  олексій шкуратов  заступник міністра освіти і науки україни з питань європейської інтеграції  ганна пророк  заступник міністра соціальної політики україни з питань європейської інтеграції  йоган магнуссон  директорат регіональної політики  європейська комісія  беньямін боббе  регіональний представник фонду ганнса в україні  республіці молдова та румунії  ігор цепенда  ректор прикарпатського національного університету ім  василя стефаника  учасники конференції мали можливість спілкувались зі спікерами  ставили їм питання та отримували компетентні відповіді  модератори конференції звернулися до учасників з пропозицією подальшої співпраці та участі у міжнародних проєктах  інформацію підготувала канд  пед  наук  доцента ольга пуляк  ",1,0,-1
312,"   вересня      року факультет математики  природничих наук та технологій радо вітав своїх першокурсників  саме цього дня для них розпочалося навчання за обраними спеціальностями  а дружня факультетська родина поповнилася новими    групами студентів  вітальні слова для студентів прозвучали від ректора університету  доктора юридичних наук  професора євгена юрійовича соболя та декана факультету математики  природничих наук та технологій  доктора педагогічних наук  доцента тетяни володимирівни фурсикової  далі з особливостями організації освітнього процесу в університеті взагалі та на факультеті зокрема студентів ознайомила заступник декана з навчально методичної роботи  кандидат педагогічних наук  доцент ольга василівна рєзіна  студентам був презентований розклад дзвінків та занять  окреслено ключові дати графіку освітнього процесу  але студентське життя   це не лише навчання  це і цікаві  яскраві моменти відпочинку та розваг  про які зазначила заступник декана з профорієнтаційної та виховної роботи  доктор педагогічних наук  доцент олена михайлівна трифонова  при цьому було наголошено  що на факультеті проводиться досить активна та різноманітна виховна робота  широкий спектр конкурсів і змагань  концертів і виставок не дають студентам сумувати  більш детально про всі цікавинки студентського життя першокурсникам розповіла голова студентської ради факультету дар я решетнікова  далі вітання для першокурсників звучали з вуст завідувачів кафедр  доктора педагогічних наук  професора м і садового  кандидата педагогічних наук  доцента с о шлянчак  доктора педагогічних наук  професора і в сальник  доктора педагогічних наук  доцента ю в ботузової та змінних наставників студентів   кураторів груп  хай всі побажання та настанови  які прозвучали цього дня для першокурсників  обов язково збудуться  успіхів вам дорогі першокурсники  інформацію підготувала заступник декана о м трифонова  ",0,2,2
314,"  вересня      року факультет математики  природничих наук та технологій центральноукраїнського державного педагогічного університету імені володимира винниченка відзначив день знань презентацією жителям міста кропивницького широкого спектра своїх спеціальностей  захід відбувався у місцевому дендропарку в межах проєкту  центральноукраїнський державний педагогічний університет імені володимира винниченка кличе в дендропарк   в межах заходу була проведена цікава концертна програма  конкурси та майстеркласи  активними учасниками заходу стали ректор університету є ю соболь  декан факультету т в фурсикова  заступник декана о м трифонова  завідувач кафедри м і садовий  науково педагогічні працівники д в соменко  о м щирбул  л о чистякова  співробітники факультету н в  остапчук та н м  лозовська  локація факультету містила вироби виготовлені студентами спеціальностей  середня освіта  трудове навчання та технології     професійна освіта  технологія виробів легкої промисловості   та  професійна освіта  цифрові технології    здобувачі освіти зазначених спеціальностей охоче розповідали всім зацікавленим про свої здобутки  особливу зацікавленість у малечі викликали роботи  якими можна було керувати власноруч за допомогою мобільного телефону  також дітям був запропонований майстер клас з клаптикового пошиття виробів  основними експонатами виставки з робототехніки стали     d принтер з fdm технологією друку graber i      d принтер з fdm технологією друку anet a     чпк  числове програмне керування  фрезер плотер mpcnc    саморухома механізована платформа    програмований маніпулятор  робо рука     робот павук    гусенична міні платформа на базі arduino    квадрокоптер  дрон     робот з lego  ладифі   зіркою локації став робот ладифі  який підкорив серця маленьких відвідувачів дендропарку  в цілому факультетом було презентовано весь спектр своїх спеціальностей  освітні  педагогічні науки  середня освіта  математика   середня освіта  біологія та здоров я людини   середня освіта  хімія   середня освіта  географія   середня освіта  фізика   середня освіта  інформатика   середня освіта  трудове навчання та технології   професійна освіта  технологія виробів легкої промисловості   професійна освіта  цифрові технології  економіка  менеджмент  статистика  комп ютерні науки  туризм  тож цьогорічний день знань відзначився позитивними емоціями та вірою у краще майбутнє  інформацію підготували д пед н  м і садовий  к пед н  д в соменко  д пед н  о м трифонова  д пед н  л о чистякова  ",0,1,1
319,"студенти спеціальності     середня освіта  математика   склавши два кваліфікаційні екзамени  отримають дипломи бакалаврів  екзамени проходили в дистанційному режимі з обов язковою ідентифікацією особистості студента  були проведені консультації до цих екзаменів  бакалаври мали достатньо часу для підготовки відповіді на питання білету  члени комісії уважно вивчили письмову відповідь кожного студента на питання білету та задавали додаткові питання  оцінювання знань проводилося за критеріями оцінювання кваліфікаційного екзамену  обидва екзамена проводились використовуючи платформу google classroom  головою ек був професор ріжняк ренат ярославович  секретарем комісії   доцент ключник інна геннадіївна  випусковою кафедрою  яка опікувалася організацією навчання студентів  була кафедра математики  інформатики  економіки та методик їхнього навчання     червня відбувся екзамен з циклу дисциплін  програмування  сучасні операційні системи  інформаційні мережі  бази даних та інформаційні системи  програмування веб застосувань  методика навчання інформатики  педагогіка  психологія  екзамен приймали  доцент лупан ірина володимирівна  доцент рєзіна ольга василівна  доцент краснощок інна петрівна та доцент мельничук сергій костянтинович  дійство проходило у діловій та доброзичливій обстановці  студенти активно відповідали на питання від екзаменаторів і показали високий та достатній рівень сформованості загальнопедагогічних та інформатичних компетентностей  результат     відмінних оцінок та   оцінок  добре      червня відбувся другий кваліфікаційний екзамен з циклу математичних дисциплін  математичний аналіз  алгебра  геометрія  методика навчання математики  цього разу екзаменаторами були  доцент ботузова юлія володимирівна  доцент нічишина вікторія вікторівна та доцент яременко юрій вікторович  похідна та інтеграл  координати та вектори  канонічні форми та системи лінійних рівнянь  ряди та лінії другого порядку  інтегративні підходи до навчання математики  особливості вивчення понять  математичних речень та доведень  цими та іншими питаннями та математичними й методичними проблемами демонстрували свій рівень володіння майбутні вчителі  отримавши заслужені   п ятірки та   четвірок  і як закономірний результат  підсумком проведених екзаменів екзаменаційна комісія прийняла рішення  що студенти математики   го випускного бакалаврського курсу виконали в повному обсязі навчальний план та склали кваліфікаційні екзамени за напрямом підготовки  спеціальністю     середня освіта  математика   а отже  їм слід присвоїти освітню кваліфікацію  бакалавр середньої освіти  за предметною спеціальністю  математика    вчитель математики та інформатики закладу загальної середньої освіти  щиро вітаємо  бажаємо успішного та мирного відпочинку  і чекаємо в магістратурі   ",1,1,0
320,"на кафедрі математики  статистики та інформаційних технологій відбувся комплексний кваліфікаційний екзамен здобувачів вищої освіти першого  бакалаврського  рівня   курсу денної форми навчання спеціальності     статистика  іспит успішно склали   бакалаврів  екзаменаційні білети складалися з теоретичних питань як з нормативних дисциплін спеціальності  так із блоку тестових теоретико практичнихзавдань  під час екзамену здобувачі вищої освіти продемонстрували гарнізнання з усіх вивчених навчальних дисциплін  надавши змістовні відповіді на питання екзаменаційної комісії  голова комісії   доктор фіз  мат  наук  професор а  м  плічко  члени комісії  доктор фіз  мат  наук  професор о  в  авраменко  кандидат економічних наук  доцент я  о  довгенко  екзаменатори  кандидат фіз  мат  наук  доцентк  с акбаш  кандидат фіз  мат  наук  доцентз  п  халецька  кандидат фіз  мат  наук  доценто  п  макарчук   усі студенти успішно склали іспит та отримали кваліфікацію  бакалавр статистики  статист дослідник   вітаємо студентів зі складанням важливого іспиту та отриманням ступеня бакалавра пишаємося успіхами випускників та бажаємо не зупинятись на досягнутому чекаємо вас на навчанні на магістратурі   ",1,1,0
321,"      червня      року на випусковійкафедрі мсіт відбувався другий етап державної атестації студентів спеціальності     комп ютерні науки  у результаті якого студентам було присвоєно кваліфікацію  бакалавр з комп ютерних наук  фахівець з інформаційних технологій   випускники бакалаврату успішно пройшли атестацію  продемонструвавши високий рівень сформованості фахових компетентностей з інформаційних технологій  здатність якіснота професійно виконувати загальні функції розробника програмних продуктів та обслуговування комп ютерних мереж тощо  бажаємо нашим випускниками успіхів на життєвому шляху  професійних звершень та запрошуємо вступати на магістерські програми кафедри мсіт   ",0,1,1
322,"з    червня до    червня      року проходила перша літня школа  тренінг з гендерної рівності  проєкту  субнаціональна гендерна рівність  баланс цінностей єс та українських реалій   скорочена назва  subgend   за програмою єс еразмус  з напрямку жан моне  її першими учасниками були    зацікавлених осіб  серед яких були студенти магістратури нашого факультету та вчителі загальноосвітніх навчальних закладів  тренінги у школі були організовані дистанційно на платформі google meet у вигляді живого спілкування спікерів   катерини акбаш  наталі пасічник та рената ріжняка   з учасниками школи на тематику  що задавалася презентаціями спікерів  серед таких тем були проблеми фемінізму та реалізація гендерних проєктів в україні та в європейському співтоваристві  особливості візуалізації даних з гендерної статистики в освіті  гендер у засобах масової інформації  проблеми прихованого навчального плану в системі освіти та гендерного дисбалансу української освіти на національному та субнаціональному рівнях  дискримінації та сексуальних домагань в освіті  причини протидії гендерній рівності в україні та гендерні аспекти рівності в політико правовій сфері на національному та субнаціональному рівнях  фемінізація шкільної освіти  стереотипи в освіті та повсякденному житті   чоловічі  та  жіночі  професії  шкільні предмети  для хлопчиків  та  для дівчаток   поняття  нерівної рівності   фемінітиви в українській мові  це далеко не повний перелік тем  що ставали предметом обговорень та дискусій  далі   складніше  гендер в економіці  політиці та праві  особливості використання джерел даних для гендерних досліджень  у п ятницю     червня  слухачами та спікерами підбивалися підсумки проведення школи  всі були одностайними   проведена хороша та корисна робота для розуміння гендерних проблем у суспільстві  для слухачів школи було проведено   анкетування  вхідне та завершальне  пропонуємо переглянути  як змінилися деякі відповіді  читайте  загальні переконання та ідеї щодо гендерних досліджень та гендерної рівності  слухачів після проходження тренінгу  шкала анкетування     бальна   як змінилися загальні переконання та ідеї щодо гендерних досліджень та гендерної рівності в учасників тренінгу  гендерні дослідження є вивчення гендерних відмінностей  до       після      гендерні дослідження зосереджені на вивченні жіночого досвіду  до       після      гендер є важливим питанням у сучасному суспільстві  гендерна рівність може підтримуватися в суспільстві за допомогою наукових кіл   до       після      співвідношення очікувань та результатів від літньої школи наступні  думаю  тренінг допоможе мені  допоміг  покращитися як особистості  до       після      думаю  тренінг допоможе мені  допоміг  покращитися як професіоналу  до       після      на мою думку цілі літньої школи   викладати теорію та документацію з гендерних питань  до       після      на мою думку цілі літньої школи   викладати теорію та документацію з питань моєї академічної галузі  до       після      на мою думку цілі літньої школи  запропонувати досвід вивчення гендерних досліджень  до       після      на мою думку цілі літньої школи   заглибитися в міждисциплінарний діалог щодо гендерних досліджень у моїй академічній сфері  до       після      співвідношення очікувань та результатів по досягненню особистих цілей під час літньої школи наступні  тренінг дозволить мені пропагувати гендерну рівність у дослідженнях  до       після      тренінг буде важким  був важким   до       після      тренінг буде нудним  був нудним   до       після      тренінг буде зосереджений  був зосереджений  на впливі статі  до       після      тренінг повинен звернути увагу  звернув увагу  на особистий досвід учасників  до       після      новий переглянутий навчальний матеріал повинен включати  включав  феміністичний погляд у цю наукову сферу  до       після      наочно зміни можна прослідкувати на рисунку  загальна кількість питань анкети       текст анкети знаходиться за посиланням  https   docs google com forms d e  faipqlsdowvh njrizqnlh erz uhubvz kg k fyemw ncdb ty  g viewform загалом  з першої літньої школи розпочалася реалізація основної мети виконання проєкту   популяризація гендерної проблематики та привернення уваги громадськості до просування гендерної рівності та універсального включення гендерних вимірів   ",2,2,0
323,"   червня      року відбувся обласний вебінар для вчителів трудового навчання щодо запровадження модельних програм нуш  організатори вебінару рівненський обласний інститут післядипломної педагогічної освіти  модератор вебінару анатолій степанович сорочиц  модельна програма  технології      класи  авт  кол   андрій терещук  оксана абрамова  володимир гащак  ніна павич   знайшла своїх поціновувачів у моделюванні технологічної освіти серед вчителів трудового навчання та технологій і в рівненській області  тож представників авторського колективу запросили презентувати модельну програму перед учасниками заходу  перша частина заходу була присвячена актуальним питанняч технологічної галузі в новій українській школі  із доповідями виступили  люшина валентина миколаївна  методист рівненського обласного інституту післядипломної педагогічної освіти  тема  проєктна технологія   модель компетентнісно орієнтованого навчання технологій у   класі нуш   дем янчук галина петрівна  учитель оз  рокитнівський ліцей      тема  конструювання сучасного уроку   друга частина вебінару стосувалася науково методичниї аспектів нового державного стандарту базової середньої школи та відповідно моделюванню змісту технологічної освіти в нуш  терещук андрій іванович  доктор педагогічних наук  завідувач кафедри технологічної освіти уманського державного педагогічного університету  керівник проєкту з розроблення модельної програми  виступив із доповіддю  реалізація державного стандарту технологічної освітньої галузі в умовах нової української школи   у своєму виступі науковець розкрив концептуальні аспекти технологічної галузі у державному стандарті базової середньої освіти  закцентував увагу на особливостях нового змісту освіти та на його відмінності від попередніх стандартів  а також  як це впливатиме на методичну роботу вчителя трудового навчання і технологій в нуш  абрамова оксана віталіївна  кандидат педагогічних наук  доцентка кафедри теорії та методики технологічної підготовки  охорони праці та безпеки життєдіяльності центральноукраїнського державного педагогічного університету імені володимира винниченка  співавторка модельної програми виступила із доповіддю на тему  моделювання освітнього середовища на основі модельної програми з технологій для     класів закладів загальної середньої освіти   оксана віталіївна розкрила основні наукові та методичні засади побудови змісту та структури модельної програми з технологій для     класів  модельна навчальна програма   це документ  що визначає орієнтовну послідовність досягнення очікуваних результатів навчання учнів  зміст навчального предмета та види навчальної діяльності учнів  рекомендований для використання в освітньому процесі в порядку  визначеному законодавством  навчальна програма визначає послідовність досягнення очікуваних результатів та описує зміст предмету  до конкретно обраних проєктів  матеріалу  технології  оздоблення та іншого  та описує види навчальної діяльності конкретизуючи їх до кожного проєкту  отже  модельна програма не дає конкретних пояснень щодо викладання предмету  тому є широкий простір для авторської думки та креативу під час створення навчальних матеріалів  навчальна програма описує зміст та види навчальної діяльності більш конкретно та детально  ніж модельна  учитель може відразу скласти календарно тематичне планування за змістом пропонованої модельної програми для засвоєння учнями  однак можливий інший варіант   унесення змін до змісту модельної програми  з тим  щоб врахувати стан матеріально технічного забезпечення закладу освіти  природні обдарування учнів  регіональні і відповідно культурні особливості  у яких знаходиться школа тощо  після внесення вчителем змін до модельної програми вона проходить обговорення та затверджується педагогічною радою закладу освіти до впровадження в освітній процес закладу  автори модельної програми провели анкетування учасників вебінару з метою з ясувати готовність учителів використовувати як ремісничі технології з обробки конструкційних матеріалів  так і педагогічні технології для організації відповідної навчальної діяльності учнів  анкетування як один зі шляхів розвитку співпраці авторів з освітянами області має на меті надати вчителю трудового навчання відповідний методичний супровід у новій українській школі  робота вебінару була спрямована на створення атмосфери взаєморозуміння під час розгляду питань  моделювання змісту технологічної освіти в новій українській школі  дякуємо організаторам вебінару за запрошення до співпраці  матеріали підготували о в  абрамова  а і  терещук  ",4,0,-4
324,"   червня      року на факультеті математики  природничих наук та технологій відбулася гостьова лекція викладачів факультету технологій та дизайну полтавського національного педагогічного університету імені в  г  короленка  доктора педагогічних наук  професора валентини титаренко та кандидата педагогічних наук  доцента юлії срібної для студентів спеціальності     середня освіта  трудове навчання та технології  та     професійна освіта  технологія виробів легкої промисловості   до зустрічі доєдналися завідувач кафедри теорії та методики технологічної освіти доктор педагогічних наук  професор а  ю  цина  навчальний майстер с  м  шпортюк та студентка алла козленко  лекція  вишивальне мистецтво   національне надбання україни  відкрила для присутніх унікальність ручного вишивання як одного з видів рукодільного мистецтва  валентина титаренко презентувала книгу  вишивальне мистецтво полтавщини   наголосила на значенні української вишивки як національної цінності  розповіла про українські рушники  вишитий одяг та вагомості вишивання у популяризації українських традицій серед молоді  юлія срібна продемонструвала практичне значення книги  яка стане у пригоді тим  хто бажає самостійно опанувати українську вишивку  адже в ній детально представлено інструкційні картки різних технік вишивання  цікавою стала презентація рушників  вишитих традиційною вишивкою полтавщини  білим по білому   доповненою іншими техніками  яких налічується понад сотню  традиційного народного костюму  теж оздобленого витонченою вишивкою  на завершення лекції щирі слова подяки за співпрацю та цінний досвід висловили декан факультету тетяна фурсикова  завідувач кафедри микола садовий  доценти людмила чистякова та оксана абрамова   ",0,2,2
325,"   червня      року відбувся міжрегіональний the battle  soft skills   сучасні навички успішності   організований кафедрою професійної і вищої освіти центрального інституту післядипломної освіти дзво  університет менеджменту освіти  напн україни та го  всеукраїнська асоціація працівників професійно технічної освіти   м  київ  до участі в батлі долучились команди педагогів та науковців закладів вищої освіти  професійних  професійно технічних  навчальних закладів  навчально методичних центрів  кабінетів кіровоградської  чернівецької  одеської  харківської та сумської областей  захід відбувся в рамках реалізації експерименту  формування м яких навичок  soft skills  майбутніх кваліфікованих робітників в освітньому середовищі закладу професійної  професійно технічної  освіти   наказ кода департаменту освіти і науки      од від              який за рік його реалізації виріс до міжрегіонального  кіровоградську область представляла команда  krop дівчата   граючим тренером якої стала оксана абрамова  кандидатка педагогічних наук  доцентка кафедри теорії та методики технологічної підготовки  охорони праці та безпеки життєдіяльності центральноукраїнського державного педагогічного університету імені володимира винниченка  до складу команди увійшли представники кропивницького професійного ліцею сфери послуг і торгівлі  вікторія алєксеєвець  капітан команди   юлія криворучко  наталія соколенко  технічний супровід   марини козаченко  наукове консультування здійснювала інна краснощок  кандидат педагогічних наук  доцент  цдпу ім  в  винниченка  захід був насичений інформацією  зокрема цікавими доповідями  презентаціями  на початку інтелектуального батлу відбулося представлення команд учасниць  інтелектуальний  бій  розпочався виступом капітанів  які презентували кращі практики формування м яких навичок  далі команди викликали одна одну по черзі  викликаюча команда оголошувала запитання суперникам  на які вони після короткого обговорення в команді давали відповіді  викликаюча команда задавала  гострі  запитання команді супернику та заслуховувала їхні відповіді  гарну традицію започатковано  сподіваємося на подальшу співпрацю  щира подяка за запрошення до участі та організацію заходу ларисі миколаївні сергєєвій  завідувачу кафедри професійної і вищої освіти центрального інституту післядипломної освіти дзво  університет менеджменту освіти  напн україни  доктору педагогічних наук  професору  повідомлення підготувала оксана абрамова  ",1,0,-1
326,"   червня на факультеті математики  природничих наук та технологій відбувся захист кваліфікаційних робіт випускників бакалаврів спеціальності      комп ютерні науки   виконання випускної кваліфікаційної роботи студента є завершальним етапом освітньої програми  ефективною формою перевірки знань студента  його готовності до практичної й аналітичної діяльності  важливим засобом доведення досягнутого фахового рівня в обраній галузі знань  екзаменаційна комісієя  яка працювала в аудиторії      розробила процедуру захисту з використанням електронних ресурсів google classroom  зокрема google meet  випускники бакалаврату та магістратури успішно пройшли захист  продемонстрували необхідний рівень сформованості фахових компетенцій  кваліфікаційні роботи стосувались різноманітних напрямків іт галузі  розробку систем керування  серверних додатків  комп ютерного моделювання  окремо варто зазначити розроблену в  в  кропивкою  d гру  robot escape  в жанрі платформер  яка є собою завершеним продуктом  реалізованим у три етапи  заслуговує на увагу робота д  о  ніщеменка  розробка онлайн системи моніторингу мікроклімату розумного будинку на базі мікроконтролера nodemcu   колектив кафедри мсіт вітає своїх випускників з успішним захистом кваліфікаційних робіт та бажає так само успішно здати державний екзамен  підготувала доцент кафедри мсіт о  в  присяжнюк  ",0,2,2
327,"відбувся захист кваліфікаційних робіт здобувачами бакалаврської освітньої програми  статистика  фінансова  страхова та комп ютерна статистика    екзаменаційній комісії  голова   доктор фіз  мат  наук  професор а  м  плічко  доктор фіз  мат  наук  професор о  в  авраменко  кандидат економічних наук  доцент я  о  довгенко  були представлені достатньо глибокі теоретичні дослідження з практично важливими результатами  тематика досліджень випускників бакалаврату стосується статистичного моделювання та аналізу впливу різних факторів на події та явища в соціальній  фінансово економічній областях   статистичний аналіз впливу пандемії на виборчі кампанії у світі   анастасія бойченко    дослідження характеристик замкнених систем масового обслуговування різних типів   вікторія сташенко    застосування моделей теорії ризику для дослідження та моделювання діяльності страхових компаній   павло коршун    асимптотичні властивості характеристичних функцій чистих розподілів   олег мачуський    статистичний аналіз  моделювання та прогноз рівня оплати праці в україні   костянтин пащенко    поліноміальні схеми апроксимацій абсолютно неперервних функцій розподілу   анастасія самарець    аналіз та моделювання кредитної та депозитної складових банківської діяльності   федоренко ілля   яскраві ґрунтовні доповіді  повні відповіді на запитання членів комісії повною мірою засвідчили готовність випускників до професійної діяльності  але попереду ще завершальний етап атестації   державний кваліфікаційний екзамен  бажаємо випускникам успішно пройти цей іспит та отримати кваліфікацію  бакалавр статистики  стажист дослідник   робота екзаменаційної комісії  оголошення результатів  задоволені всі   і здобувачі  і члени комісії  ",3,1,-2
328,"проєкт  субнаціональна гендерна рівність  баланс цінностей єс та українських реалій  за програмою єс еразмус  з напрямку жан моне отримав офіційний старт    червня      року на засіданні міждисциплінарного наукового центру прикладних досліджень  команду проєкту та учасників семінару привітав ректор університету професор євген соболь  який у своїй промові дав короткий та змістовний аналіз гендерної проблематики в наукових розробках  у політичних рішеннях  в питаннях бюджетування та стосунків на рівні соціуму  ректор  побажавши команді проєкту успішного виконання його задач  а учасникам семінару творчих успіхів  відзначив важливу роль проєкту як для розвитку демократичних інститутів нашої держави  так і для зміцнення міжнародної співпраці з країнами єс  до привітань доєдналися проректор з наукової роботи університету доцент лілія клочек  яка наголосила на важливості наукової складової реалізації проєкту  та декан факультету математики  природничих наук та технологій доцент тетяна фурсикова  яка відзначила важливість збереження традицій на факультеті  адже це вже третій європейський проект  який у нас буде реалізовуватися  присутніх привітали також вероніка ткаченко  експерт з адміністративних питань національного erasmus  офісу в україні   юлія стеценко  начальник відділу аналізу даних демографічної  стаціонарної статистики та статистики праці головного управління статистики в кіровоградській області   фаїна позднякова  керівник громадської організації  університет третього віку  натхнення    потім з доповідями виступили виконавці проєкту  координатор проєкту доцент катерина акбаш висвітлила мету та стратегію виконання проєкту  субнаціональна гендерна рівність  баланс цінностей єс та українських реалій   професор наталя пасічник зупинилася на особливостях роботи з цільовими групами для реалізації просвітницької діяльності з гендерної проблематики  професор ренат ріжняк висвітлив план виконання проекту та визначив роль міждисциплінарного наукового центру прикладних досліджень у реалізації наукової частини проєкту  в обговоренні доповідей виступила доцент людмила яременко  яка відзначила важливість європейських проєктів для навчальної діяльності магістратури спеціальностей факультету  вероніка ткаченко відзначила актуальність проблематики проєкту  яка входить до найважливіших пріоритетів програм erasmus   у засіданні семінару взяли участь професори анна дефорж  сергій михида  микола садовий  алла растригіна  ірина сальник  юлія харченко та доценти людмила чистякова  інна ключник  юрій яременко  вікторія нічишина  детальніше про зміст доповідей виконавців проєкту можна дізнатися тут   ",0,2,2
331,"   червня      року викладачки кафедри теорії і методики технологічної підготовки  охорони праці та безпеки життєдіяльності цдпу імені в  винниченка оксана віталіївна абрамова  ольга василівна пуляк та тетяна володимирівна куценко взяли участь у роботі іі науково практичного вебінару  академічна доброчесність у науково освітньому просторі  правові  технологічні  морально етичні аспекти  за програмою весняно літньої школи з академічної доброчесності на підтримку акції  переможні обрії освіти  та відкритого освітнього марафону  навчання і розвиток в умовах війни  разом до перемоги    організаторами заходу виступили національна академія педагогічних наук україни  державний заклад вищої освіти  університет менеджменту освіти   навчально науковий інститут менеджменту та психології  національний технічний університет  харківський політехнічний інститут   громадська спілка  всеукраїнська академія інноваційного розвитку освіти  clarivate  з вітальним словом до учасників вебінару звернулися микола олексійович кириченко  ректор дзво  університет менеджменту освіти  напн україни  член кореспондент академії наук вищої освіти україни  доктор філософії  професор кафедри філософії і освіти дорослих та олег михайлович спірін  проректор з наукової роботи та цифровізації дзво  університет менеджменту освіти  напн україни  доктора педагогічних наук  професора  члена кореспондента напн україни  спікерами вебінару були     микола олексійович кириченко  ректор дзво  університет менеджменту освіти  напн україни  член кореспондент академії наук вищої освіти україни  доктор філософії  професор кафедри філософії і освіти дорослих  тема доповіді   нормативно правові засади академічної доброчесності у сучасному науково освітньому просторі      ірина олександрівна тихонкова  customer success architect clarivate  старший науковий співробітник відділу сигнальних систем клітини інституту молекулярної біології і генетики нан україни  кандидат біологічних наук  тема доповіді   можливості ресурсів clarivate для запобігання недоброчесних практик      юлія миколаївна главчева  phd  комп ютерні науки  директор науково технічної бібліотеки національного технічного університету  харківський політехнічний інститут   тема доповіді   академічна доброчесність  клієнт орієнтований підхід      ірина леонідівна сіданіч  доктор педагогічних наук  професор  завідувач кафедри педагогіки  адміністрування і спеціальної освіти навчально наукового інституту менеджменту та психології дзво  університет менеджменту освіти  напн україни  тема доповіді   морально етичні аспекти академічної доброчесності особистості в умовах сучасних викликів      олена анатоліївна острянська  кандидат педагогічних наук  доцент  доцент відділу наукової роботи державного закладу вищої освіти  університет менеджменту освіти  напн україни  тема доповіді   освітній проєкт  академічна доброчесність у науковому та освітньому просторі  духовність  якість  сталий розвиток    учасники вебінару спілкувалися зі спікерами  ставили їм питання та отримували компетентні відповіді  дякуємо організаторам та учасникам вебінару за надану можливість долучитися до обговорення проблем розбудови системи академічної длюрочесності  інформацію підготували о  в  пуляк  о  в  абрамова  т  в  куценко   ",3,0,-3
332,"сьомого червня      року в дистанційному режимі відбулося чергове засідання науково методичного семінару  сучасні проблеми дидактики фізики   який традиційно проводиться кафедрою фізики  біології та методик їхнього навчання цдпу ім в  винниченка  семінар був присвячений висвітленню та обговоренню результатів дисертаційних досліджень у галузі дидактики фізики  розглядалися результати виконання плану дисертаційних досліджень  аспіранткою   го року навчання бевз анною  тема роботи   професійне спрямування навчання фізики та астрономії майбутніх фахівців інженерної механіки у закладах фахової передвищої освіти   науковий керівник   доктор педагогічних наук  професор цдпу ім в  винниченка м і  садовий   аспіранткою   го року навчання фоменко оленою  тема роботи   методика використання імерсивних технологій у навчанні фізики студентів медичних закладів фахової передвищої освіти   науковий керівник   доктор педагогічних наук  професор цдпу ім в  винниченка і в  сальник   у своїх доповідях аспірантки окреслили актуальність  предмет  об єкт  мету та завдання досліджень  розкрили основні етапи виконання роботи  відповіли на питання учасників семінару  у результаті обговорення доповідей аспіранток учасники семінару відзначили  що дослідниці чітко й аргументовано відповідали на питання  фахово вели дискусію  ухвалили  що робота над дисертаційними дослідженнями проводиться згідно з планами  підготував доцент кафедри фізики біології та методик їхнього навчання о в  волчанський  ",1,0,-1
333,"навчальна географічна  топографічна  гідрологічна  практика студентів спеціальності  середня освіта  географія   проходить у період з   червня по    червня      року в дистанційному режимі  програмою практики на четвертий день передбачено ознайомлення студентів з різними способами зйомки місцевості  а саме     планова зйомка  кутомірна  бусольна  екерна  теодолітна  за компасом  та кутонарисна  мензульна  окомірна      висотна зйомка  геометричне  тригонометричне  фізичне барометричне  нівелювання      аеротопографічна зйомка     космічна зйомка  дистанційне зондування землі   на сучасному етапі особливого значення набули дистанційні засоби зондування землі  дзз   які дозволяють одержувати інформацію про географічні обʼєкти та процеси без прямого контакту з ними за допомогою штучних супутників  перевагами супутникового моніторингу землі є його обʼєктивність  достовірність  детальність  багатогалузевість застосування  дистанційні засоби зондування землі використовуються в метеорології  геодезії  картографії  геології  військовій справі та інших галузях науки й практичної діяльності  з огляду на актуальність знань про дистанційні методи і засоби дистанційного зондування землі  а особливо про можливості їх практичного застосування в географічних дослідженнях  у рамках четвертого дня практики доцент кафедри природничих наук  хімії  географії та методик їхнього навчання ю  ю  онойко провів онлайн лекцію на тему  дистанційні засоби зондування землі  історія  сучасність та практичне застосування   на занятті студенти мали змогу дізнатися про суть  історію  сучасні тенденції розвитку дистанційного зондування землі та переваги супутникового моніторингу порівняно з прямими методами дослідження планети  найбільша увага була приділена саме практичним аспектам застосування дистанційних засобів зондування землі  на прикладі супутникових знімків скупчення російських військ біля кордону україни наприкінці      року     кілометрової колони російської військової техніки у лютому      року  місць масового поховання вбитого населення маріуполя у квітні      року тощо студенти дізналися  як ці засоби слугують розвідці та армії  водночас основна частина заняття була присвячена застосуванню ддз у географічних дослідженнях  лектор ознайомив здобувачів вищої освіти з найбільш поширеними сучасними ресурсами дистанційного зондування землі  зокрема     віртуальний глобус google планета земля     google maps     eo browser     сайт національного управління з аеронавтики і космонавтики сша  national aeronautics and space administration  nasa       супутникова програма landsat  у другій частині зустрічі лектор презентував результати власного дослідження процесів знеліснення та заліснення за допомогою засобів дзз  на прикладі кіровоградської області   а також продемонстрував основні результати дослідження с  в  мовчана з теми  виявлення несприятливих геоморфологічних процесів на території кіровоградської області засобами дзз   окрім того  було окреслено орієнтовні теми студентських наукових робіт  курсових  кваліфікаційних  з географії із застосуванням дзз та обговорено можливість розробки нової вибіркової дисципліни для студентів  яка б стосувалася дзз та гіс технологій  після онлайн заняття студенти перейшли до виконання практичних завдань  передбачених на цей день навчальної географічної практики  керівники практики в  м  мирза сіденко та н  м  маслова висловлюють величезну подяку ю  ю  онойку за змістовну  надзвичайно цікаву  актуальну і практично значущу лекцію  бажають успіху на шляху подальшого професійного самовдосконалення  підвищення рівня фахової компетентності та нових наукових звершень   ",0,2,2
334,"незважаючи на складну ситуацію в країні  продовжується наукова робота аспірантів спеціальності     середня освіта  фізика     червня      року відбулося чергове засідання науково методичного семінару  сучасні питання дидактики фізики   який традиційно проводиться на кафедрі фізики  біології та методик їхнього навчання  участь у онлайн засіданні взяли фахівці в галузі теорії та методики навчання фізики  викладачі факультету математики  природничих наук та технологій  доктори пед  наук  професори величко с п   вовкотруб в п   сальник і в   садовий м і   доктор пед  наук  доцент трифонова о м   кандидати наук  доценти волчанський о в   сірик е п   чінчой о о   завідувачка лабораторіями донець н в   а також аспірантки бевз а  в  та фоменко о  в  керівник семінару професор сальник і в  повідомила  що на засіданні семінару заплановано заслухати доповіді аспірантів про результати наукової роботи  були представлені дві доповіді  бевз а в  презентувала доповідь на тему  професійне спрямування навчання фізики та астрономії майбутніх фахівців інженерної механіки у закладах фахової передвищої освіти   науковий керівник   професор садовий м і    аспірантка розкрила основні завдання свого наукового дослідження та продемонструвала ті результати у своїх пошуках  які досягнуті на завершення   року навчання  зокрема  йшлося про підготовлені та опубліковані статті у фахових виданнях та частину в колективній монографії  досить цікавими та практично значущими є напрацювання аспірантки  пов язані з розробкою професійно спрямованих завдань  з урахуванням напрямку дослідницького завдання  під час обговорення були задані питання та надані рекомендації  які допоможуть аспірантці успішно завершити роботу над дисертаційним дослідженням  доповідь на тему  методика використання імерсивних технологій у навчанні фізики студентів медичних закладів фахової передвищої освіти   науковий керівник   професор сальник і в   була запропонована аспіранткою першого року фоменко о в  оскільки здобувачка лише розпочала роботу над дослідженням  її доповідь була спрямована на розкриття особливостей використання засобу доповненої реальності bookvar  цей засіб проходив експертну перевірку  аспірантка взяла безпосередню участь в цьому експерименті і використовувала його на заняттях фізики в кіровоградському медичному фаховому коледжі ім  є й мухіна  доповідь зацікавила присутніх та викликала жваве обговорення  науковці надали корисні поради своїм молодим колегам   ",0,1,1
337,"у кінці квітня      року декілька студентів з групи кт  б спеціальності     професійна освіта  комп ютерні технології  мали змогу пройти виробничу практику у відділі протидії кіберзлочинам в кіровоградській області департаменту кіберполіції нпу  під час практики деякі завдання передбачали максимальної активності та потребували більшої кількості учасників  у зв язку з чим студенти групи цт  б виявили бажання взяти участь у їхньому виконанні  вже наступного дня частину студентів було долучено до координаційної групи  де відбувався зв язок з куратором та іншими учасниками  після детального ознайомлення з окремими напрямками роботи група приступила до їх виконання  зокрема в напрямку виявлення джерел поширення інформаційно пропагандистських і фейкових матеріалів країни агресора  ідентифікації  ботів   за підсумками чого спрямовували виявлену інформацію для проведення подальших розслідувань у рамках кримінальних проваджень  за результатами прийняття участі у координаційних групах та проведенні зазначених робіт студентам вдалось ознайомитись та засвоїти основні правила кібергігієни активного інтернет користувача  а також опанувати фундаментальні знання у галузі кібербезпеки  інформацію підготували студенти островський роман  павлюк денис  хомич віталій  ",1,1,0
338,"виробнича практика студентів спеціальності     професійна освіта  комп ютерні цифрові технології  проходить на підприємствах  в організаціях  закладах освіти  науково дослідницьких та інших установах  що спеціалізуються на наданні послуг у сфері інформаційних технологій і мають у складі підрозділ  що відповідає за забезпечення роботи комп ютерної техніки  мережі підприємства чи закладу освіти або поліграфічний підрозділ  базою виробничої практики також можуть бути комп ютерно інформаційні підрозділи засобів масової інформації  видавничих установ  рекламних агенцій тощо  закріплення баз практики повинно сприяти встановленню та зміцненню довгострокових контактів університету з підприємствами  а також розвитку кооперації між ними з метою якісної підготовки фахівців  визначенню баз практик передує постійна робота кафедри теорії та методики технологічної підготовки  охорони праці та безпеки життєдіяльності щодо вивчення виробничих  економічних можливостей установ  організацій  підприємств на предмет їхньої придатності для проведення виробничої практики студентів за спеціальністю  при цьому обов язково враховуються перспективи сучасних напрямів розвитку іт галузі  економічного  соціального та екологічного розвитку суспільства  за результатами цьогорічної виробничої практики    травня      р  було проведено підсумкову конференцію  де студенти груп кт  б та цт  б с ділилися результатами виконаної роботи та своїми враженнями  наведімо окремі з них  департамент кіберполіції національної поліції україни в кіровоградській області  студенти віталій хомич  юрій колесніченко  у ході проходження виробничої практики у відділі протидії кіберзлочинам у кіровоградській області департаменту кіберполіції нпу було проведено дослідження відділу  його структури та функцій  цілком задоволені знаннями  отриманими під час практики  поставлені задачі виконували з ентузіазмом  виробнича практика у відділі протидії кіберзлочинам дала можливість не тільки розвинути навички з фаху  але й допомогла опанувати фундаментальні знання в галузі кібербезпеки  редакційно видавничий відділ центральноукраїнського державного педагогічного університет ім  в  винниченка  студенти роман омельченко  богдан візер  андрій котріков  проходячи виробничу практику у редакційно видавничому відділі ми отримали новий цінний досвід  ознайомилися зі структурою відділу  робота виявилася дійсно цікавою  щиро вдячні цдпу імені володимира винниченка за можливість проходження практики в рвв  інформаційний відділ центральноукраїнського державного педагогічного університет ім  в  винниченка  денис корик  богдан шершень  ярослав бобейко  із          почалися наші кілька тижнів проходження практики в цдпу ім  в  винниченка  зокрема в структурному підрозділі  інформаційний відділ   до          у нас була можливість відчути себе інженерами програмістами  ми отримали завдання створити сайт  котрий міститиме в собі інформацію про картриджі  нам довелося витратити кілька днів  щоб проаналізувати базу даних і php та якісно виконати завдання  цей час пройшов непомітно  адже тема дійсно цікава  однак якісно виконати завдання з першого разу не вдалося  але ж робота над помилками   основа навчання  завдяки їй ми отримали абсолютно новий досвід  набули корисних навичок  які стануть у пригоді в майбутній професійній діяльності  тов  онiкс системз   студент вадим сатир  під час проходження практики отримано важливі навички дослідження структури підпорядкування та роботи підпримства  те  на що не одразу звертаєш увагу  виявляється надзвичайно цікавим  я навіть не уявляв  що компанія має стільки департаментів і напрямів роботи  адже працюючи у своєму відділі не завжди уявляєш цілісну структуру всього підприємства сподіваємося  що цінний досвід  отриманий у процесі проходження виробничої практики  став міцною сходинкою професійного зростання наших студентів   ",0,1,1
339,"   травня      р  відбувся захист курсових робіт студентів ііі курсу спеціальності професійна освіта  комп ютерні технології   перед членами комісії  д пед н  м і садовий  к пед н  д в соменко  д пед н  о м трифонова  були презентовані цікаві результати досліджень студентів  ярослав бобейко презентував роботу на тему  створення рекламного відеоролика  зйомка та постпродакшн   практичним значенням дослідження стала розробка дієвого покрокового плану роботи над монтуванням відеопродукції  що містить у собі детальне пояснення етапів роботи безпосередньо в самому відеоредакторі та створення інформативної рекламної продукції  практичним результатом роботи на тему  створення вузла системи для підключення до блокчейну  юрія колесніченка є створення відповідного вузла валідатора  підключення його до мережі блокчейну та синхронізація з нею  богдан візер у роботі тему  проектування та створення металошукача  проаналізував ринок сучасних металошукачів та їхню будову  реалізував проєкт металошукача з оптимальними характеристиками  який і був презентований під час захисту курсової роботи  андрій котріков  тема роботи   відеомонтаж  основи відеомонтажу   запропоновав робочу модель відеообробки та створив за допомогою програми sony vegas pro    відео  роман омельченко досліджував  апаратний моніторинг параметрів персонального комп ютера   у результаті було запропоновано робочу модель системи моніторингу параметрів персонального комп ютера із зовнішнім інформаційним екраном та виготовлено на основі апаратно обчислювальної платформи arduino прототип системи моніторингу параметрів персонального комп ютера з інформаційним екраном  віталій хомич провів дослідження на тему  створення електронного приладу для орієнтування в просторі для слабозорих людей   у ході якого проаналізував сучасні цифрові технології для полегшення просторової орієнтації слабозорих людей  спроектував функціональну електронну схему приладу для орієнтування у просторі для слабозорих людей  виготовив компактний далекомір на основі лазерного датчика відстані для допомоги сліпим та слабозорим людям  богдан шершень під час виконання курсової роботи на тему  цифрова автоматична метеорологічна станція з власним web сервером та передачею даних в мережу інтернет  проаналізував сучасні цифрові технології для вимірювання показників зовнішнього середовища та виготовив цифрову автоматичну метеорологічну станцію з власним web сервером  усі презентовані роботи цікаві та мають ваєливе практичне значення  комісія вітає всіх студентів з вдалим захистом курсових робіт і бажає подальших творчих успіхів  інформацію підготували д пед н  м і садовий  к пед н  д в соменко  д пед н  о м трифонова  ",1,3,2
340,"   травня на кафедрі природничих наук  хімії  географії та методик їхнього навчання у форматі зустрічі google meet відбувся захист курсових робіт з географії студентів спеціальності        середня освіта  географія   які навчаються за освітньо професійними програмами  середня освіта  географія та мова і література  англійська    та  середня освіта  географія  та краєзнавчо туристична робота   виконані студентами курсові роботи представляли різні напрями географічних досліджень  фізико географічний  демогеографічний  соціально географічний  географо туристичний та історико географічний  до захисту представили свої роботи студенти     баліцька анна  тема   сучасна георелігійна ситуація в україні       бережна ірина  тема   лісові ресурси україни та кіровоградської області       кишко анастасія  тема   лікувально оздоровчий туризм в україні       кушнір наталія  тема   демографічні процеси в україні       малєєва анастасія  тема   міграційні процеси в україні       нечай данило  тема   історико географічні аспекти розвитку промисловості в україні       скорик олена  тема   грязьові вулкани  вулканоїди   генеза та поширення у світі       швець роман  тема   суспільно географічні аспекти розвитку футбольного туризму в україні    доповіді студентів були логічними та змістовними  супроводжувалися презентаціями  кожен виступ обговорювали в загальному колі  стаили додаткові питання  відповіді на які супроводжувалися коментарями студентів та наукових керівників  обговорювали перспективи подальших досліджень  результати захисту продемонстрували здатність студентів орієнтуватися у світовому й національному географічному освітньо науковому просторі  опрацьовувати різні джерела географічної інформації  ефективно та вільно передавати географічні ідеї  принципи та теорії письмовими  усними та візуальними засобами  у тому числі за допомогою інформаційних технологій  студенти належним чином оволоділи методикою географічних досліджень  довели здатність виконувати польові дослідження природних і суспільних об єктів та процесів  інтерпретувати отримані результати досліджень  застосовувати їх у професійній діяльності  вони володіють такою надзвичайно важливою фаховою компетентністю як здатність до системного географічного мислення  критичного сприйняття інформації  розуміння  пояснення основних фізико географічних та суспільно географічних процесів  уміють встановлювати географічні закономірності та причинно наслідкові зв язки між компонентами природи та суспільства  комісія у складі к г н   доц  семенюк л л   к г н   ст викл  зарубіної а в   к г н   ст  викл  маслової н м  привітала студентів із першим досвідом проведення наукових досліджень  відзначила належний рівень підготовки курсових робіт та побажала успіхів у подальшому навчанні та науковій роботі   ",1,3,2
341,"з    червня      року в нашому університеті розпочалася реалізація проєкту  субнаціональна гендерна рівність  баланс цінностей єс та українських реалій   скорочена назва  subgend   за програмою єс еразмус  з напрямку жан моне  координатором проєкту є доцент кафедри математики  статистики та інформаційних технологій катерина сергіївна акбаш  основна мета виконання проєкту   популяризація гендерної проблематики серед різних верств населення та привернення уваги громадськості до просування гендерної рівності та універсального включення гендерних вимірів  на сайті факультету з явилася сторінка з основною інформацією про проєкт  його картка  коротке резюме та інформація про команду виконавців проєкту  реалізація проєкту передбачає низку різноманітних заходів  що спрямовані на формування в студентів та викладачів здібностей орієнтуватися в особливостях міжнародної європейської практики у сфері гендерної освітньої статистики  гендерних стереотипів та упереджень у освіті та технології гендерної освіти  це відбуватиметься у формі впровадження курсу за вибором у практику навчання студентів педагогічних спеціальностей  а також у формі проведення літніх шкіл  крім того  заплановано проведення круглих столів  навчальних візитів  промоакцій з громадськістю  вчителями  а також із працівниками головного управління статистики у кіровоградській області та соціологічних служб  нарешті  для узагальнення та систематизації результатів проєкту планується організувати дослідницьку роботу  яка включатиме вивчення основних підходів в єс та україні до гендерної рівності та адаптацію комплексних гендерних індексів до субнаціонального та інституційного рівнів  планується ознайомлення політиків  бізнесменів  спеціалістів та громадськості з результатами науково дослідної роботи та планування використання матеріалів проєкту для сприяння та фінансування гендерної рівності  офіційна процедура започаткування реалізації проєкту відбудеться в рамках проведення семінару міждисциплінарного наукового центру прикладних досліджень у другій половині червня  про дату та час засідання буде повідомлено додатково  безпосереднє виконання проєкту розпочнеться з організації у третій декаді червня      року  з       до        літньої школи  тренінг з гендерної рівності  для студентів та вчителів  під час проведення літньої школи розглядатимуться проблеми прихованого навчального плану в системі освіти  гендерного дисбалансу української освіти на національному та субнаціональному рівнях  дискримінації та сексуальних домагань в освіті  причини протидії гендерній рівності в україні та гендерні аспекти рівності в політико правовій сфері на національному та субнаціональному рівнях  за результатами проведення літньої школи учасникам будуть видаватися сертифікати  з розрахунку  один день участі в роботі школи     годин      кредити    для участі в роботі літньої школи майбутнім учасникам пропонуємо заповнити google форму  форма проведення   дистанційна  з усіх питань та консультацій звертатися за тел                  ренат ярославович ріжняк    ",3,0,-3
342,"науки   це визначальний рушій прогресивного розвитку суспільства  згідно закону україни  про наукову і науково технічну діяльність  наукова діяльність визначається як інтелектуальна творча діяльність  спрямована на одержання нових знань та  або  пошук шляхів їх застосування  основними видами якої є фундаментальні та прикладні наукові дослідження  в україні день науки відзначають щорічно у третю суботу травня  тож напередодні цієї події у центральноукраїнському державному педагогічному університеті імені володимира винниченка відзначили нагородами науково педагогічних працівників і студентів  які мали значні здобутки у науковій сфері за      рік  приємно відзначити серед нагороджених значну кількість представників факультету математики  природничих наук та технологій  вітаємо колег і студентів та бажаємо їм подальших творчих успіхів та підкорення нових наукових вершин  деканат факультету математики  природничих наук та технологій  ",0,1,1
344,"   травня      року в онлайн форматі відбувся щорічний vii всеукраїнський науково методологічний семінар з історії освіти  педагогічна біографіка та біографістика в сучасному науково інформаційному просторі   організатором семінару традиційно виступив відділ педагогічного джерелознавства та біографістики державної науково педагогічної бібліотеки україни імені в о  сухомлинського  м  київ   метою проведення науково методологічного семінару є осмислення сучасних і розроблення нових підходів до здійснення досліджень з історії вітчизняної та зарубіжної освіти  сприяння науковцям у реалізації дослідницьких завдань для одержання нового історико педагогічного знання  популяризація історії освіти педагогіки як важливого складника фахової підготовки освітян  підвищення їхньої кваліфікації  біографіка   це міждисциплінарна наука  яка об єднала істориків  педагогів  філологів  музейних та бібліотечних працівників  у семінарі взяли участь відомі науковці з усіх регіонів україни  особливо приємно було бачити науковців із харкова  херсону  києва  бучанського району  бердянська  частина доповідачів зараз перебуває в польщі  для участі в семінарі було надіслано     тез  авторами яких є    докторів наук     кандидатів наук  аспіранти  здобувачі освіти  музейні  бібліотечні працівники  наш регіон і університет представляли науковці кафедри фізики  біології та методик їхнього навчання  факультету математики  природничих наук та технологій   доктор педагогічних наук  професор н а  калініченко та доктор історичних наук  професор г в  дефорж  загалом семінар зібрав більше    учасників  які підготували актуальні доповіді  що викликали значний інтерес та жваве обговорення  також була окреслена нова тематика майбутнього науково методологічного семінару      року  представники від цдпу імені в винниченка щиро дякують організаторам та модераторам семінару  бажають їм мирного неба над головою  перемоги та нових проєктів  матеріали надали професор калініченко н а   професор дефорж г в   ",1,0,-1
346,"у рамках навчальної дисципліни  основи інтеграції у проєктній діяльності   тема  інтеграція на рівні способів дій  діяльнісний підхід  на уроках технологій   доцент оксана віталіївна абрамова надала можливість магістрам заочної форми навчання спеціальності  трудове навчання та технології  відвідати тематичний вебінар  на якому спікерами були провідні фахівці технологічної галузі  вебінар проходив на платформі гугл міт    травня      року на базі івано франківського обласного інституту післядипломної освіти  на заході були присутніми більше    вчителів  слухачів привітав модератор та організатор заходу володимир михайлович гащак  методист лабораторії природничо математичних дисциплін івано франківського обласного інституту післядипломної педагогічної освіти  автор та співавтор навчальних програм з трудового навчання й численних підручників та методичних посібників з трудового навчання і технологій  присутні заслухали виступ на тему  нова українська школа  діяльнісний підхід на уроках технологій    доповідач андрій іванович терещук  завідувач кафедри технологічної освіти уманського державного педагогічного університету імені павла тичини  докор пед  наук  професор  співрозробник державного стандарту нуш  координатор технологічної освітньої галузі  автор шкільних підручників з трудового навчання  співавтор навчальних програм з трудового навчання і технологій   під час заходу присутні обговорювали актуальні питання технологічної галузі  організація освітнього процесу на основі особисто орієнтованого та діяльнісного підходів  умови успішної реалізації діяльнісного підходу в базовій школі  професійні ролі вчителя  взаємозалежність діяльнісного підходу та розвитку мотивації учнів до навчання  шляхи та інструменти втілення діяльнісного підходу  проєктна діяльність як спосіб реалізації діяльнісного підходу  захід пройшов у дружній та творчій атмосфері  учасники вебінару мали змогу поспілкуватися  поставити питання спікерам  дякуємо за співпрацю івано франківському обласному інституту післядипломної педагогічної освіти та кафедрі технологічної освіти уманського державного педагогічного університету імені павла тичини   ",2,0,-2
348,"   травня      року на кафедрі природничих наук  хімії  географії та методик їхнього навчання в форматі google meet відбувся захист курсових робіт з методики навчання природничих наук  хімії   фізики  основної школи  під час якого здобувачі вищої освіти першого  бакалаврського  рівня вищої освіти спеціальності  середня освіта  природничі науки   презентували результати своїх досліджень  наукові дослідження студентів стосувалися сучасних проблем методики навчання природничих наук  хімії   фізики  в закладах загальної середньої освіти  базовий рівень   до захисту представили свої роботи студенти  уляна канчук  тема   формування дослідницької компетентності учнів при навчанні альтернативної енергетики в курсі фізики основної школи    вікторія худякова  тема  методика і організація контролю зун під час вивчення теми   найважливіші органічні сполуки  у   класі    поліна чуйко  тама   формування пізнавальних інтересів учнів шляхом використання нетрадиційних форм навчання на уроках хімії    результати захисту показали  що студенти не лише на належному рівні володіють теоретичними знаннями  а й уміло застосовують його для розв язання конкретних практичних завдань  що є необхідною умовою становлення їх як фахівців  комісія в складі д  п  н   доцента в  м  плющ  д  п  н   доцента о  м  трифонової  к  п  н   викладача т  о  форостовської висловила щире побажання студентам успішно скласти кваліфікаційний екзамен та отримати диплом бакалавра  чекаємо наступних наукових досягнень під час навчання на другому  магістерському  рівні вищої освіти   ",0,1,1
350,"      травня      року на кафедрі фізики  біології та методик їхнього навчання відбувся захист курсових робіт  студенти спеціальностей        середня освіта  біологія та здоров я людини  денної та заочної форм навчання та        середня освіта  природничі науки  захищали фахові роботи з методики навчання біології та основ здоров я  що є обов язковим елементом у професійній підготовці майбутнього вчителя біології  основ здоров я та природничих наук  студенти опрацювали науково теоретичну базу обраних проблем і провели власні дослідження  які презентували на онлайн конференціях  зокрема  було охоплено широкий спектр тем  застосування інновацій на уроках біології  інтерактивні методи навчання  форми та методи самостійної роботи учнів  формування мотивації здорового способу життя у підлітків  методика викладання тем з ботаніки та зоології  екологічне виховання  використання дистанційних форм навчання  застосування мультимедійних та інформаційних засобів навчання на уроках біології  до складу комісії із захисту курсових робіт увійшли  професор н а калініченко   голова  професор г в дефорж  доцент м с боброва   члени комісії  на захисті були присутні студенти iv та iii курсів  автори успішно захистили роботи  дали ґрунтовні відповіді на питання  пов язані з проблематикою робіт  усі роботи отримали схвальні відгуки й були позитивно оцінені  матеріал підготували студентка бх  б юлія вовк  професор г в  дефорж  ",1,3,2
352,"у наш час навряд чи можна засумніватися у важливості знань з топографії  уміння читати карту та орієнтуватися на місцевості  саме до географів та спортсменів орієнтувальників нині звертаються підрозділи зсу та тероборони за консультаціями щодо цього  з огляду на це всеукраїнські змагання з прикладного орієнтування та топографії  проведені з    квітня по   травня українським державним центром національно патріотичного виховання  викликали неабиякий інтерес і дали змогу перевірити свої знання та навички більше ніж     учасникам з різних куточків україни  представниками нашого факультету на цих змаганнях були студенти     курсів  вони змогли перевірити свої знання та вміння  отримані під час вивчення навчальних дисциплін  картографія з основами топографії  та  основи техніки туризму   маємо такі результати    катерина приходько  спеціальність середня освіта  біологія та хімія     курс      місце в групі еліта ж    микола охріменко  спеціальність середня освіта  географія     курс      місце в групі еліта ч    єлизавета ломакіна  спеціальність середня освіта  географія     курс      місце в групі старша ж  достойно представили факультет також студенти географи   курсу в групі еліта ч   тагір усубян    місце  і олександр білик    місце   щиро вітаємо наших студентів з чудовими результатами  бажаємо спробувати свої компетентності з орієнтування та топографії вже безпосередньо з картою на місцевості   ",1,0,-1
353,"запрошуємо всіх приєднатись до святкування дня вишиванки    травня  цього року ми закликаємо наших студентів і викладачів надіслати фото у вишиванках  фото приймаються в інстограм  https   instagram com fmnst cuspu igshid ymmymta m y   або e mail  ця електронна адреса захищена від спам ботів  вам потрібно увімкнути javascript  щоб побачити її  document getelementbyid  cloakd beabb  b  c da f  ee    a   ee   innerhtml       var prefix          a     i                 o   var path    hr     ef         var addyd beabb  b  c da f  ee    a   ee    fmnst c      sp                   addyd beabb  b  c da f  ee    a   ee   addyd beabb  b  c da f  ee    a   ee    gm           l               c      m   var addy textd beabb  b  c da f  ee    a   ee    fmnst c      sp                     gm           l               c      m  document getelementbyid  cloakd beabb  b  c da f  ee    a   ee   innerhtml      a     path          prefix         addyd beabb  b  c da f  ee    a   ee         addy textd beabb  b  c da f  ee    a   ee     a      до    квітня включно  ми зробимо підбірку світлин  ідеєю свята є збереження українських цінностей та їх популяризація серед молоді та населення загалом  свято не передбачає обов язкових заходів  окрім одягання вишиванки  хоча протягом усієї історії заходу з ініціативи студентів  школярів  громадських та культурних діячів проводяться концерти  хода  конкурси  вечорниці  ярмарки  саме ж свято запрошує кожного свідомого громадянина до абсолютно простого вчинку   одягнути вишиванку і в ній піти на роботу чи на навчання  інформацію підготували представники студентського самоврядування  ",1,0,-1
354,"ось і настає вирішальний етап в історії факультету математики  природничих наук та технологій  завершують свою підготовку студенти першого випуску спеціальності професійна освіта  комп ютерні технології  першого  бакалаврського  рівня вищої освіти     травня      року після опанування повного курсу методики професійного навчання  спеціалізація  комп ютерні технології  та проходження педагогічної практики студенти груп кт  б та кт  бс презентували свої курсові роботи з методики професійного навчання  крім членів комісії  д пед н  м і садовий  к пед н  д в соменко  д пед н  о м трифонова   на захист були запрошені викладачі кафедри теорії та методики технологічної підготовки та безпеки життєдіяльності  д пед н  л о чистякова та к пед н  о м щирбул  присутні високо оцінили науковий рівень та практичне значення презентованих результатів досліджень  особливої уваги заслуговують роботи  головченко вікторії юріївни  студентки групи кт  бс  тема роботи  проектування занять зі спецдисциплін з використанням інформаційно комунікаційних технологій  за спеціалізацією    кас янової юлії ігорівни  студентки групи кт  бс  тема роботи  інтеграція теоретичного і виробничого навчання в процесі професійної підготовки фахівців  за спеціалізацією    недвиги мар яни петрівни  студентки групи кт  бс кт  бс  тема роботи  розвиток технічного мислення здобувачів освіти у процесі професійного навчання   кафедра теорії та методики технологічної підготовки  охорони праці та безпеки життєдіяльності вітають студентів з черговим етапом їхнього фахового становлення та бажають успіхів на державній атестації  інформацію підготували д пед н  м і садовий  к пед н  д в соменко  д пед н  о м трифонова  ",1,1,0
356,"   квітня      року на факультеті технологій та дизайну полтавського національного педагогічного університету імені в  г  короленка  з ініціативи кафедри виробничо інформаційних дисциплін та безпеки життєдіяльності відбулася щорічна традиційна всеукраїнська науково практична відеоконференція  безпека життя і діяльності людини  теорія та практика   присвячена всесвітнім дням цивільної оборони та охорони праці  участь у ній взяли участь понад     викладачів  студентів та аспірантів  які представляли    закладів вищої освіти україни  центральноукраїнський державний педагогічний університет імені володимира винниченка представили викладачі та студенти кафедри теорії та методики технологічної підготовки  охорони праці та безпеки життєдіяльності  зокрема  доценти л  о  чистякова  а  і  ткачук  о  в  пуляк  н  в  мироненко  старший викладач т  в  куценко  студенти  з вітальним словом до учасників конференції звернулась ректорка полтавського національного педагогічного університету імені в г  короленка професорка марина гриньова  нею було зроблено наголос стосовно надзвичайної актуальності підготовки студентської молоді з питань безпеки життєдіяльності та цивільного захисту  проректор із наукової роботи професор василь фазан зауважив  що в умовах сьогодення важливим є формування у студентів знань щодо сучасних реально існуючих небезпек для життя людини під час тривання воєнних дій на території україни  декан факультету технологій та дизайну професорка валентина титаренко привітала учасників  відмітила актуальну спрямованість тематики конференції  у пленарному засіданні з доповідями виступили фахівці головного управління національної поліції у полтавській області  державної служби з надзвичайних ситуацій у полтавській області  фонду соціального страхування україни  провідні викладачі зво україни  продовження конференції відбулося у вигляді секційних засідань за шістьма напрямами  було висвітлено актуальні питання безпеки життя і здоров я людини  охорони праці та цивільної безпеки в умовах воєнного стану  за результатами проведеної конференції планується видання збірника матеріалів  безпека життя і діяльності людини  теорія та практика   який міститиме наукові статті про актуальні питання цивільної безпеки  працеохоронної діяльності та безпекознавства у сучасній україні  матеріали збірника висвітлюватимуть проблеми у цій галузі та окреслюватимуть перспективи їхнього вирішення   ",0,1,1
358,"відповідно до навчального плану студенти   курсу  які здобувають освітній рівень бакалавра за спеціальністю        середня освіта  математика  протягом шести тижнів проходили педагогічну практику та виконували функції вчителів математики  інформатики та класних керівників учнівських колективів  воєнний стан у країні та спричинена цим змішана форма проведення практики зумовили суттєві зміни в її змісті та структурі  сучасні інформаційні технології  високий рівень підготовки студентів та велике бажання студентів самовдосконалюватися зумовили успішне виконання випускниками усіх завдань практики  на підсумковій конференції  яка відбулася на комунікаційній платформі meet  студенти презентували свої досягнення одногрупникам та викладачам  серед яких завідувач кафедри математики  інформатики  економіки та методик їхнього навчання ю  в  яременко  керівники практики   доцентки кафедри математики  інформатики  економіки та методик їхнього навчання в  в  нічишина та ю  в  ботузова  доцентки кафедри математики  статистики та інформаційних технологій о  в  рєзіна та і  в  лупан  доцентка кафедри педагогіки та менеджменту освіти і  п  краснощок та доцент кафедри філософії  політології та психології с  к  мельничук під час звітної конференції   ярослав левицький розповів про особливості підготовки уроку на тему   сума n перших елементів геометричної прогресії  та продемонстрував задачі підвищеної складності та інтегративного характеру  марія п ятигора проаналізувала можливості редакторів під час підготовки до уроків та обґрунтувала їхні переваги та недоліки  єлизавета мохур висвітлила проблему лідерства в учнівській групі та запропонувала алгоритм лідерства  вероніка блажко розповіла про роль та місце планування виховної роботи з класним колективом у діяльності класного керівника та презентувала низку виховних заходів  тетяна попруга повідомила про можливості інтерактивних сервісів при підготовці нестандартного уроку та наголосила на перевагах сервісу kahoot  ірина леськів представила власну розробку естафети на тему   україна в цифрах і фактах   яка демонструє патріотичну спрямованість навчання та набуває особливої актуальності в реаліях життя нашої країни  дар я гончарук підготувала повідомлення про роль теми  алгоритми з повтореннями  цикл із параметром  під час навчання інформатики  ірина мулик представила розробку позакласного заходу з математики про українського математика михайла кравчука ольга фатич занурила аудиторію в процес розробки відеоуроку на тему   введення та виведення табличних величин   анастасія сліпченко проаналізувала організаційні форми виховної роботи з учнями середньої школи в дистанційній освіті  насамкінець владислав россочинський продемонстрував розробку виховного заходу на тему   спілкування   це здорово   доповіді практикантів спричинили жваве обговорення  керівники практики одностайно схвалили діяльність студентів під час практики  відзначили сумлінність та відповідальність практикантів  попереду в наших студентів випускні іспити  тож бажаємо їм успіхів та чекаємо в магістратурі   ",0,1,1
359,"   квітня      року відбувся захист курсових проєктів студентів спеціальності  професійна освіта  цифрові технології    група цт  бс   курсові роботи виконують з метою закріплення  поглиблення й узагальнення знань  одержаних здобувачами за час навчання та їх застосування для комплексного розв язання конкретного фахового завдання  особливістю курсових проєктів із цифрових технологій є те  що результати дослідження мають бути підкріплені розробленим програмним забезпеченням  цифровим продуктом або автоматизованою системою відповідно до теми дослідження та пояснювальною запискою до курсової роботи  завданням курсової роботи за спеціалізацією цифрові технології є     використання основних нормативних документів та інших інформаційних ресурсів  необхідних для створення та оформлення цифрових продуктів     ознайомлення із сучасними методами моделювання  програмування     ознайомлення із сучасними фізико технічними основами створення та використання автоматизованих систем     формування практичних навичок прогнозування  моделювання  програмування та створення алгоритмів і програм     одержання практичних навичок щодо створення та використання розробок  програмний засіб  програмована модель робота  цифровий продукт  автоматизована система тощо      створення програмного забезпечення  цифрового продукту або автоматизованої системи відповідно до теми курсової роботи  студенти представили такі дослідження    галушка вадим валерійович  тема роботи  реалізація проєкту робо платформи з відео інтерфейсом та управлінням через wi fi     корик денис віталійович  тема роботи  розробка віртуального класу фізики засобами інструментарію платформи unreal engine       сатир вадим анатолійович  тема роботи  створення web сервісу райдшерингу для онлайн бронювання спільних поїздок   виконання та захист робіт переконливо показав високий рівень формування в студентів спеціальності  професійна освіта  цифрові технології    група цт  бс  практичних фахових навичок із моделювання  програмування та створення алгоритмів і програм  усі представлені до захисту роботи отримали схвальні відгуки комісії та відзначені відмінними оцінками  інформацію підготували д пед н  м і садовий  к пед н  д в соменко  д пед н  о м трифонова  ",0,2,2
362,"війна з росією мобілізувала усіх українців до боротьби за перемогу  військові звитяги зсу  то  добровольців на фронтах підсилюються духом і реальними справами волонтерів у тилу  одним із осередків сприяння воїнам світла став міжшкільний ресурсний центр    м  кропивницького  де вчителі трудового навчання та технологій шкіл міста  усі  хто уміє кроїти та шити  об єдналися заради допомоги військовим  серед волонтерів   викладачі кафедри тмтпопбж  студенти першокурсники фмпнт відгукнувшись на запрошення доцентки л  о  чистякової  у межах кураторської години та гурткового заняття відвідали мрц     ознайомилися з волонтерською діяльністю та зустрілися зі своїми вчителями  які ще вчора надихали їх своєю любов ю до творчості  прообразом майбутньої педагогічної практики для студентів стало проведення майстер класу для дітей  які приходять до центру зі своїми мамами волонтерками  шили текстильні сердечка  для декого з дітей такий досвід став першим  але пошиті подарунки стали приємним сюрпризом для мам  одним із завдань відвідування центру було проведення гурткового заняття з екологічної переробки текстильних матеріалів  студенти під керівництвом л  о  чистякової із залишків крою тканин виготовили великодні прикраси  які будуть передані в польщу на благодійний ярмарок зі збору коштів для допомоги українським військовим   ",1,3,2
363,"   квітня      року на факультеті математики  природничих наук та технологій центральноукраїнського державного педагогічного університету імені володимира винниченка відбувся день відкритих дверей  цей захід проводився з метою ознайомлення майбутніх абітурієнтів із життям факультету напрямами підготовки та спеціальностями  за якими здійснюється підготовка  отримати інформацію про особливості вступу      та навчання на факультеті мали змогу майбутні студенти  їхні батьки та всі зацікавлені особи з різних регіонів україни адже захід транслювався у режимі реального часу на ютубі  участь у заході взяли декан факультету т в  фурсикова  заступник декана з профорієнтаційної та виховної роботи о м  трифонова  завідувачі кафедри  відповідальний секретар приймальної комісії т а  нестеренко  відкрила захід декан факультету математики  природничих наук та технологій  доктор педагогічних наук  доцент т в фурсикова  у своєму виступі вона розповіла про факультет і про ті можливості  які отримує кожен його студент  а також поінформувала присутніх про перспективи працевлаштування випускників  окремо була акцентована увага на можливостях навчання як на педагогічних  так і не педагогічних спеціальностях  презентація    далі до слова були запрошені завідувачі кафедр  які детально охарактеризували особливості кожної освітньої програми  специфіку підготовки майбутніх фахівців і перспективи їхнього працевлаштування  з цікавими фрагментами студентського життя всіх присутніх ознайомила заступник декана з профорієнтаційної та виховної роботи о м  трифонова  вона зупинилася на ролі студентського самоврядування в організації освітньо наукового середовища університету  навела приклади найяскравіших подій із життя факультету та ознайомила з умовами проживання студентів у гуртожитку  презентація   про умови вступу до університету в      році розповіла гостям відповідальний секретар приймальної комісії т а  нестеренко  вона повідомила з чого складатиметься мультипредметний тест  пояснила  що таке мотиваційний лист та яка його роль під час вступу до закладу вищої освіти  як буде нараховуватись конкурсний бал та як будуть подаватися документи  зазначила  що вся необхідна абітурієнтам інформація щодо вступу в цдпу представлена на сайті університету  https   www cuspu edu ua ua informatsiia dlia abituriientiv           на завершення заходу декан факультету т в  фурсикова побажала всім учасникам успіхів та миру  більш детально зі змістом заходу можна ознайомитися за посиланням  https   www youtube com watch v  gviwvp bli інформацію підготувала заступник декана о м трифонова  ",2,2,0
364,"   квітня      року доцентки кафедри теорії і методики технологічної підготовки  охорони праці та безпеки життєдіяльності цдпу імені в  винниченка оксана віталіївна абрамова та ольга василівна пуляк виступили з доповідями на панорамному вебінарі  soft skills  практики формування в умовах воєнного стану   який був організований дзво  університет менеджменту освіти  напн україни  до роботи вебінару також долучилася викладачка кафедри тмтпопбж тетяна володимирівна куценко  у панорамному вебінарі  soft skills  практики формування в умовах воєнного стану  взяли участь науково педагогічні працівники кафедри професійної і вищої освіти ціпо дзво  університет менеджменту освіти  напн україни  кафедри педагогіки та менеджменту освіти  кафедри теорії та методики технологічної підготовки  охорони праці та безпеки життєдіяльності центральноукраїнського державного педагогічного університету імені володимира винниченка  директори навчально  науково  методичних центрів  кабінетів  професійно технічної освіти у кіровоградській  одеській  сумській  харківській та чернівецькій областях  представники творчих груп з реалізації експерименту  формування м яких навичок  soft skills  майбутніх кваліфікованих робітників в освітньому середовищі закладу професійної  професійно технічної  освіти  які представляли регіони  де ведуться активні бойові дії  прифронтові та тилові області  модератори вебінару  вікторія олександрівна купрієвич  доцент кафедри професійної і вищої освіти ціпо дзво  університет менеджменту освіти  напн україни  кандидат педагогічних наук  доцент та вікторія савівна алєксеєвець  заступник директора з навчально виховної роботи дзп пт о кропивницький професійний ліцей сфери послуг і торгівлі   з вітальним словом виступили ірина володимирівна шумік  генеральний директор директорату професійної освіти мон україни  кандидат наук з державного управління  микола олексійович кириченко  ректор дзво  університет менеджменту освіти  напн україни  доктор філософії  член кореспондент національної академії наук вищої освіти україни  директори навчально методичних центрів  кабінетів  професійно технічної освіти  алла петрівна шолудько  кіровоградська обл    світлана миколаївна микитюк  чернівецька обл    тетяна олександрівна лазарєва  одеська обл   наталія юріївна самойленко  сумська обл    заступник директора наталія григорівна сологуб  харківська обл    під час панельної дискусії із доповідями виступили  оксана віталіївна абрамова  доцент кафедри теорії та методики технологічної підготовки  охорони праці та безпеки життєдіяльності центральноукраїнського державного педагогічного університету імені володимира винниченка  кандидат педагогічних наук  доцент  м  кропивницький  тема   формування м яких навичок у здобувачів освіти через застосування тренінгових технологій  ольга василівна пуляк  доцент кафедри теорії та методики технологічної підготовки  охорони праці та безпеки життєдіяльності центральноукраїнського державного педагогічного університету імені володимира винниченка  кандидат педагогічних наук  доцент  м  кропивницький  тема   формування необхідних м яких навичок в стресових ситуаціях   сергій володимирович сікірніцький  директор державного професійно технічного навчального закладу  сумське вище професійне училище будівництва і дизайну   м  суми  тема   волонтерський рух дієвий засіб набуття соціальних навичок soft skills   валерія миколаївна докторович  заступник директора з навчально виробничої роботи дптнз  сумське вище професійне училище будівництва і дизайну   м  суми  тема   формування професійних навичок soft skills засобами дистанційного навчання під час воєнного стану   світлана миколаївна микитюк  директор навчально методичного центру професійно технічної освіти у чернівецькій області  олеся валентинівна нікішина  директор вищого професійного училища      м  чернівці  тема   логістика формування м яких навичок кваліфікованих робітників в умовах воєнного стану   тетяна вікторівна горбачова  директор днз  одеський професійний ліцей сфери послуг південноукраїнського національного педагогічного університету імені к  д  ушинського   м  одеса  тема   навички soft skills в умовах воєнного стану   вікторія савівна алєксеєвець  заступник директора з навчально виховної роботи дпт пт о  кропивницький професійний ліцей сфери послуг   м  кропивницький  тема   гуманітарні проекти  від ідеї до реалізації   у підведенні підсумків узяли участь  лариса миколаївна сергєєва  завідувач кафедри професійної і вищої освіти центрального інституту післядипломної освіти дзво  університет менеджменту освіти  напн україни  доктор педагогічних наук  професор  м  київ  наталія петрівна муранова  проректор з науково педагогічної  освітньої роботи та міжнародних зв язків дзво  університет менеджменту освіти  напн україни  доктор педагогічних наук  професор  м  київ  ніна григорівна ткаченко  директор днз  регіональний центр професійної освіти швейного виробництва та сфери послуг харківської області   слухачка курсів підвищення кваліфікації центрального інституту післядипломної освіти дзво  університет менеджменту освіти  напн україни  м  харків  ганна миколаївна романова  професор кафедри професійної і вищої освіти центрального інституту післядипломної освіти дзво  університет менеджменту освіти  напн україни  доктор педагогічних наук  професор  м  київ  інна петрівна краснощок  доцент кафедри педагогіки та менеджменту освіти центрально українського державного педагогічного університету імені володимира винниченка  кандидат педагогічних наук  доцент  м  кропивницький  програма вебінару  soft skills  практики формування в умовах воєнного стану  soft skills  практики формування в умовах воєнного стану  повідомлення підготували о  абрамова  о  пуляк  і  краснощок  ",3,1,-2
366,"цими днями студенти спеціальностей      середня освіта  біологія та здоров я людини   та      середня освіта  хімія   завершили проходження виробничої педагогічної практики  практика є обов язковою складовою підготовки вчителя  запорукою успішної педагогічної роботи в майбутньому  попри те  що в країні почалися військові дії  вимушені канікули в освітніх закладах  подальша ситуація  яка постійно погіршувалася   це не стало нам на заваді успішно виконати програму виробничої педагогічної практики  ми намагалися доповнити теоретичну підготовку і вдосконалювали методичні вміння і досвід  зокрема про сучасні інтерактивні методи навчання на уроках біології й хімії  впроваджували їх у моделі конспектів уроків  відпрацьовували навички розробки презентацій  інфограм на платформі canva     квітня в google meet відбулася звітна онлайн конференція  де ми ділились один із одним власними напрацюваннями та здобутками  конференцію відкрила декан факультету математики  природничих наук та технологій доцентка т  в  фурсикова  тетяна володимирівна привітала нас із завершенням виробничої практики і побажала нам отримати гарні оцінки  на конференції також були присутні студенти заочники  активно ставили питання  цікавилися проходженням нашої практики  розповідали про своє проходження практики  незважаючи на складну ситуацію  ми справилися з поставленими завданнями  підготували різнотипові моделі уроків з біології  хімії та основ здоров я  розробили інтерактивні  сучасні мультимедійні презентації до кожного з уроків  пройшли курси підвищення кваліфікації  вебінари  для педагогічних працівників  апробували розробки на освітніх сайтах  наурок  та  всеосвіта    отримали сертифікати  подяки й грамоти  також вітали нас та аналізували наші результати методисти виробничої практики з педагогіки   доцентка т  о  кравцова  з психології   доцент с  к  мельничук  з хімії   ст  викладач т  о  форостовська  з біології   професорка г  в  дефорж  підсумок конференції підвела методист з біології  керівник практики   професорка н  а  калініченко  всі методисти були задоволені нашими результатами  побажали нам успіхів у майбутньому  біологія й хімія  хоч і складні науки  проте студенти впоралися з поставленими завданнями і ми сміливо можемо стверджувати  що студенти практиканти готові до відповідальної праці вчителя  все буде україна  матеріал підготував староста бх  б групи безсмертний богдан   ",0,1,1
367,"колектив факультету математики  природничих наук та технологій щиро вітає з затвердженням міністерством освіти і науки україни  наказ       від             рішення спеціалізованої вченої ради про присудження ступеня доктора філософії за спеціальністю     середня освіта  фізика  гайду василя ярославовича  др          та його наукового керівника  д пед н   проф   завідувача кафедри теорії та методики технологічної підготовки  охорони праці та безпеки життєдіяльності садового миколу ілліча  бажаємо подальших творчих успіхів  нових звершень у наукових дослідженнях   ",0,1,1
368,"   квітня викладачі кафедри мсіт разом із запрошеними учнями базових шкіл та їхніми батьками відвідали онлайн захід  день відкритих дверей цдпу  актуальна інформація щодо вступу        з вітальним словом перед присутніми виступив ректор університету доктор юридичних наук  професор  заслужений діяч науки і техніки україни євген соболь  який наголосив  що після перемоги нам ще більше потрібні будуть гарні фахівці  справжні професіонали своєї справи  тому наш колектив зробить все можливе  щоб усі студенти нашого університету отримали якісну освіту  здобули актуальні знання  прикладні навички  крім того  ми надаємо доступ до навчання онлайн студентам інших зво  які постраждали від війни з росією  https   www cuspu edu ua ua news       tsdpu im v vynnychenka zaproshuie studentiv na navchannia za prohramamy akademichnoi mobilnosti    бо  чужих  студентів для нас немає  ми   українці  і ми єдині  керівник відділу профорієнтації та доуніверситетської підготовки оксана буткевич  модератор заходу аліна бойко коротко розповіли учням та їхнім батькам історію педагогічної освіти кіровоградщини  чітко окреслили місію університету  стратегічну мету його розвитку  ознайомили з конкурсними пропозиціями цдпу ім  в  винниченка для вступу      року  представник приймальної комісії доцент тетяна нестеренко надала узагальнену актуальну інформацію про вступну кампанію      року  абітурієнти отримали відповіді на питання  що потрібно для вступу на бакалаврат у      році  що таке національний мультипредметний тест  що таке мотиваційний лист та як його складати  як буде нараховуватись конкурсний бал  як будуть подаватися документи  зокрема  відповідальний секретар приймальної комісії повідомила  що у      році замість традиційного зно випускники складатимуть національний мультипредметний тест  нмт   який проводитимуть у комп ютерному форматі  це випробування міститиме три блоки завдань  з української мови https   testportal gov ua skladnyky natsionalnogo multypredmetnogo testu ukrayinska mova  з математики https   testportal gov ua skladnyky natsionalnogo multypredmetnogo testu matematyka  з історії україни  інформація буде надана на сайті уцояо https   testportal gov ua  найближчим часом   усі охочі мали змогу поставити свої питання  на які отримали вичерпні відповіді  насамкінець керівник молодіжного центру карина мала розповіла про яскраве креативне студентське життя в університеті  зокрема про захопливі подорожі  змістовні конкурси  цікаві заходи  запрошуємо старшокласників загальноосвітніх шкіл  професійно технічних навчальних закладів  вищих навчальних закладів і іі рівнів акредитації  а також випускників минулих років вступати на навчання на факультет математики  природничих наук та технологій  https   phm cuspu edu ua    підготуватися до складання математичного блоку національного мультипредметного тесту допоможуть викладачі факультету  запрошуємо всіх охочих на безкоштовні заняття  які проводяться щосуботи о    годині онлайн  https   phm cuspu edu ua vstup pidhotovka do zno z matematyky      tematychnyi plan zaniat z matematyky dlia pidhotovky uchniv    kh klasiv do zno           n r html    ",4,0,-4
369,"    квітня      року викладачі факультету математики  природничих наук та технологій  д пед н   проф  м і садовий та д пед н   доц  о м трифонова  стали учасниками модуля  soft skills компетенції викладача вищої освіти   що відбувався в межах курсу професійного розвитку науково педагогічних працівників  вдосконалення викладацької майстерності   учасники прослухали цикл лекцій    необхідність формування м яких навичок викладача в умовах дистанційного  змішаного навчання  soft skills   hard skills компетенції  особливості відмінні риси  доповідач і кочергіна     самоменеджмент   основи планування  цілепокладання  інструменти тайм менеджменту  доповідач с незабитовська     емоційний інтелект та його складові  як боротися з негативними емоціями  доповідач а скаковська     психологія спілкування педагогічного працівника  доповідач с грабовська     конфлікти   менеджмент  профілактика та робота з конфліктами  способи подолання  доповідач с грабовська     профілактика та корекція професійного вигорання у викладачів вищої освіти  доповідач о поліщук   практична частина модуля була представлена дисципліною  робота в команді   командоорієнтованість  ефективна взаємодія  грамотне делегування  налагодження продуктивної співпраці   викладач с грабовська   під час навчання всі охочі мали змогу ставити запитання  отримувати на них відповіді та ділитися власним досвідом  інформацію підготували проф  м і садовий та доц  о м трифонова  ",0,1,1
370,"навіть у складні воєнні часи викладачі кафедри мсіт продовжують науково дослідну робота зі студентами  зокрема керують роботою студентських наукових гуртків та проблемних груп  на засіданні проблемної групи  статистичний аналіз даних   керівник   доцентка кафедри мсіт катерини сергіївна акбаш  студент групи ст  м віктор токар представив наукову роботу  дослідження факторів впливу на динаміку зміни середньорічної температури в україні   основою для якої стала стаття автора  опублікована на сайті https   phm cuspu edu ua ojs index php snys article view      pdf   робота присвячена дослідженню факторів  які впливають на показник температури в україни та побудові моделей для прогнозу подальших температурних змін  з огляду на тенденцію до підвищення температури в останні роки дослідження чинників  що спричинюють ці зміни  є винятково важливим  оскільки це допоможе спрогнозувати коливання температури в майбутньому  наукові прогнози про очікувані зміни температури є важливими як для життя пересічного українця  так і для певних галузей вітчизняного виробництва  результати роботи можуть стати корисним джерелом інформації для прийняття управлінських рішень у деяких галузях промисловості  роботу подано до участі в іі турі всеукраїнського конкурсу студентських наукових робіт зі спеціальності  науки про землю  гідрометеорологія    активна наукова діяльність кафедри мсіт є свідченням того  що в колективі факультету математики  природничих наук та технологій переважають позитивні патріотичні настрої  усі ми до єдиного віримо  що скоро життя налагодиться й факультет продовжить давати якісну освіту всім здобувачам  світ підтримує нас  а отже  все буде україна  інформацію підготувала доцентка кафедри мсіт о  в  присяжнюк  ",0,2,2
371,"   квітня      року вперше у світі був здійснений політ людини в космос  він тривав     хвилин  перший у світі космонавт став світовою знаменитістю  при цьому в тіні залишалися постаті двох українських учених  без яких цей політ був би неможливим  уродженця житомира сергія корольова  конструктора перших космічних кораблів  керівника космічних польотів  й одесита валентина глушка  конструктора реактивних двигунів для космічних кораблів   сергій павлович корольов народився    січня      в місті житомир  в анкеті  що збереглася в архіві київського політехнічного інституту  у графі  національність  писав   українець  досягнення сергія корольова в космічній галузі порівнюють із заслугами ейнштейна у фізиці  його вважають засновником практичної космонавтики  під керівництвом с корольва запущено першу міжконтинентальну балістичну ракету  перший штучний супутник землі  здійснено посадку космічного апарата на місяць  здійснено перший політ людини в космос  здійснено вихід людини у відкритий космос  спроектовано перші космічні станції  розвиваваючи програму пілотованих навколоземних польотів  с п  корольов починає розробляти й програму пілотованої дос  довготривала орбітальна станція   на жаль  сергій павлович пішов з життя раніше  ніж його ідеї були втілені в космічних кораблях  союз   валентин петрович глушко   конструктор реактивних двигунів   народився в одесі   вересня      р  двигуни рд     і рд      створені в кб в  п  глушка  були встановлені на ракетах носіях  що здійснили виведення на орбіти штучних супутників землі і місяця  запуски автоматичних станцій до місяця  венери і марса  запуск пілотованих кораблів  восток  і  союз у      р в  п  глушко був призначений генеральним конструктором науково виробничого об єднання  енергія   що з єднав окб  засноване в  п  глушком  і кб  кероване раніше с  п  корольовим  поряд з поточними запусками орбітальних станцій і космічних кораблів  у нво  енергія  з його ініціативи почалася розробка нової ракетно космічної системи  енергія  для забезпечення пілотованих польотів на місяць і створення довгострокової населеної бази на місячній поверхні  цікавою для історії космонавтики є постать ще одного українця  який став відомий усьому світові майже через    років після смерті   юрія васильовича кондратюка  у      році  коли весь світ з хвилюванням слідкував за висадкою американських астронавтів на місяць  один з керівників американської програми  аполлон  джон хуболт зізнався  що ключові ідеї проєкту він взяв із брошури  знайденої в бібліотеці конгресу сша і написаної нікому не відомим юрієм кондратюком  уродженець полтави олександр шаргей  не зміг закінчити навіть   курс університету  бо змушений був переховуватися від більшовицьких репресій на початку    х років у малій висці  тепер кіровоградської області   він навіть змінив документи  залишившись у подальшому житті юрієм кондратюком  саме тут талановитим  самоучкою  були сформульовані ідеї  які через    років лягли в основу програми освоєння місяця  тож варто пам ятати  що україні є чим пишатися в історії освоєння космосу  наші земляки залишили в ній яскравий слід  підготував доцент кафедри фізики  біології та методик їхнього навчання о в волчанський  ",1,0,-1
372,"   березня підсумковою конференцією завершилася педагогічна практика магістрантів групи міе  м   спеціальність  середня освіта  математика    освітньо професійна програма  середня освіта  математика  інформатика та економіка    як і в минулому навчальному році  практика відбувалась у дистанційному форматі  однак це не завадило студентам перевірити на практиці знання та навички  отримані в аудиторіях  і виконати завдання  запропоновані методистами  дався взнаки досвід минулого року  який дозволив і практикантам  і їхнім керівникам швидко переорієнтуватися на дистанційну форму роботи  під час виробничої практики в другому навчальному семестрі магістранти виконували завдання з інформатики та економіки  на підсумковій конференції  що відбулася також у дистанційному режимі  студенти ділилися своїм досвідом розробки позакласних заходів  відеоуроків  враженнями від уроків  які вдалося відвідати на першому тижні практики  досвідом своєї роботи в школі  цінним виявився досвід тих магістрантів  які з початку навчального року працюють у школі  розповідь аліни поповкіної про організацію дистанційного навчання в школі переросла в методичний семінар  а євгену іванову вдалося залучити всіх присутніх до дискусії про необхідність та можливості здійснення виховної роботи з учнями в дистанційному режимі  також цікавими були виступи катерини буц про позакласний захід з економіки  історія грошового обігу на українських землях   аліни дядик   про позакласний захід з інформатики  café informatique   катерини власюк   про досвід роботи в школі та впровадження stem освіти  олени чудної   про відвідування уроків інформатики та економіки в кз  ліцей  науковий  тощо  зустріч була цікавою  продуктивною  можна не сумніватися  що нинішні наші магістранти в недалекому майбутньому стануть гарними вчителями  які навчатимуть дітей легко адаптуватися до життєвих обставин  бути гнучкими до змін та здобувати знання впродовж усього життя   ",2,0,-2
374,"аспірант другого року навчання валентин єлькін представив доповідь на тему  стоячі хвилі в обмеженій двошаровій рідині   молодий науковець розглянув проблему коливання внутрішніх стоячих хвиль у гідродинамічній системі  шар   шар   постановка задача була здійснена для ідеальних рідин  яка включає в себе рівняння лапласа  кінематичні та динамічні умови рівноваги  а також граничні умови на дні і кришці та бокових стінках  розв язки задачі були отримані для довгих хвиль  що дозволило лінеаризувати побудовану математичну модель  задача була розв язана для двовимірного та тривимірного випадку  внутрішні хвилі були візуалізовані для окремих параметрів двошарової системи  а також різних випадків вузлових точок і ліній  на семінарі були присутні проф  о  в  авраменко  проф  а  м  плічко  доц  в  в  нарадовий  доц  ю  в  гуртовий  ст  викл  м  в  луньова  викладачі та аспіранти ставили додаткові запитання та брали активну участь в обговоренні результатів дослідження здобувача  бажаємо валентину подальших творчих успіхів   ",0,1,1
375,"студенти центральноукраїнського державного педагогічного університету імені володимира винниченка  спеціальність        середня освіта  географія   доєдналися до освітнього проєкту херсонського державного університету  академічний міст    academic bridge    першу лекцію на тему  ukraine mapped  between history and geopolitics  у дистанційному режимі    березня      р  прочитав професор центру євразійських та слов янських досліджень техаського університету в остіні  письменник  перекладач  історик стівен сігел  steven seegel   основна теза лекції    карти дуже небезпечні    лектор представив свій погляд на те  як росія перетворює мапи на засіб маніпуляції свідомістю та зброю в інформаційній війні  що сприяє перекручуванню фактів історії  обґрунтуванню власних територіальних претензій  виправданню анексії українських земель  а тепер і збройної агресії проти україни  так було за часів російської імперії  так було в бутність срср  це продовжується й донині  професор проаналізував картографічні матеріали  викладені на різних інтернет ресурсах у      році з метою формування викривленого уявлення про етнічний та мовний склад населення україни  знецінення здобутків майдану  виправдання анексії криму та окупації донбасу тощо  ці картосхеми досі доступні і інтернеті  ними й зараз користуються деякі західні змі  на них досі посилаються російські пропагандисти  шукаючи підстави для територіальних претензій та виправдання військових дій проти україни  зламування  пакування  викрадення  перекручування   це головні технології картографування в сучасній російській федерації  спираючись на доробки відомих українських географів с  рудницького  в  кубійовича  а також глибокий аналіз історичних фактів  професор виклав свою думку про те  як мають виглядати картографічні матеріали  що стосуються україни  висловлюємо щиру вдячність стівену сігелу за обʼєктивний аналіз картографічних джерел  розвіювання російських міфів  популяризацію ідеї незалежності україни  соціокультурної самобутності та самодостатності нашого народу  спасибі за підтримку україни та українців у цей складний час  дякуємо географам херсонського державного університету за можливість долучитися до проєкту   ",2,1,-1
376,"   березня      року за участі заступника декана факультету о м трифонової відбулася традиційна нарада зі старостами  студенти отримали інформацію про новий алгоритм сповіщення повітряної тривоги та правилами поведінки під час повітряної тривоги  наголошено також на необхідності дотримуватися вимог воєнного стану  правил інформаційної гігієни тощо  старости були ознайомлені зі змістом указу президента україни володимира зеленського  про загальнонаціональну хвилину мовчання за загиблими внаслідок збройної агресії російської федерації проти україни   відтепер щоденно о      студенти центральноукраїнського державного педагогічного університету ім  в  винниченка вшановуватимуть пам ять співвітчизників  загиблих унаслідок збройної агресії російської федерації проти україни  присутні долучилися до обговорення особливостей організації освітнього процесу в умовах дистанційного навчання  яке розпочалося в університеті з    березня  цінною була інформація  що центральноукраїнський державний педагогічний університет ім  в  винниченка запрошує здобувачів вищої освіти із територій  на яких ведуться активні бойові дії на навчання за програмами академічної мобільності https   www cuspu edu ua ua news       tsdpu im v vynnychenka zaproshuie studentiv na navchannia za prohramamy akademichnoi mobilnosti миру нам усім   ",0,2,2
379,"у рамках педагогічного марафону  нуш  новий стандарт для базової освіти  місія здійсненна      лютого      року на базі комунального закладу  гайворонський міжшкільний навчально виробничий комбінат  відбувся науково методичний семінар  державний стандарт базової середньої освіти  модельні навчальні програми для   класів нуш з технологічної освітньої галузі   семінар проходив у форматі круглого столу за активної участі вчителів трудового навчання і технологій освітніх закладів гайворонської міської територіальної громади  за запрошенням організаторів круглого столу  зокрема методиста комунального закладу  гайворонський міжшкільний навчально виробничий комбінат   завідувача науково методичної лабораторії  заслуженого вчителя україни івана левковича мудрого та директорки комунальної установи  гайворонський центр професійного розвитку педпрацівників  вікторії олександрівни касьяненко  до заходу долучилася викладачка цдпу ім  в  винниченка  кандидатка педагогічних наук  доцентка кафедри теорії і методики технологічної підготовки  охорони праці та безпеки життєдіяльності оксана віталіївна абрамова  під час круглого столу обговорювали особливості нового державного стандарту нуш  сучасні підходи до моделюванні змісту технологічної освіти  психологічні засади нової української школи  абрамова оксана віталіївна виступила з доповіддю  моделювання освітнього середовища на основі модельної програми з технологій для     класів закладів загальної середньої освіти   у якій розкрила структуру та зміст модельної програми  технології     класи   створену авторським колективом  а  терещук  о  абрамова  в  гащак  н  павич   окремо зупинившись на методичних питаннях моделювання змісту технологічної освіти  доповідачка наголосила  що модельна програма   це документ  що визначає орієнтовну послідовність засвоєння результатів навчання  зміст навчального предмета та орієнтовні види діяльності учнів  створення модельної програми відбувається на основі орієнтирів для оцінювання  які розкрито в змісті технологічної освітньої галузі державного стандарту базової середньої освіти  оксана абрамова акцентувала на тому  що внесення змін до модельної програми в частині навчального змісту та видів діяльності з урахуванням матеріально технічних можливостей шкільної майстерні  інтересів та природних здібностей учнів перетворює її на навчальну програму  таку програму необхідно затвердити на педагогічній раді закладу освіти  далі на її основі може буде укладений відповідний календарно тематичний план занять з технологій  на семінарі панувала атмосфера співробітництва  учасники були щирими й відвертими в прагненні долучитися до обговорення актуальних питань реформування української школи  у підсумку учасники круглого столу дійшли спільної думки про необхідність подальшої співпраці з науковцями з питань методичної підтримки та обміну досвідом   ",1,0,-1
380,"студенти й співробітники факультету математики  природничих наук та технологій взяли участь в акції  ангели пам яті   присвяченій дню героїв небесної сотні  саме    лютого      року в середмісті києва загинуло найбільше людей       їх разом з іншими    загиблими та смертельно пораненими учасниками мирних протестів упродовж зими           років і п ятьма активістами майдану  які загинули навесні      року за демократичні цінності та територіальну цілісність україни  назвали героями небесної сотні  на знак вшанування пам яті героїв небесної сотні    лютого      року на площі перед міською радою м  кропивницького розвішали на ялинках     янголятків  кожне з яких було підписане прізвищем загиблого  у такий спосіб учасники акції привернули увагу містян до однієї з найтрагічніших сторінок в історії україни  пам ятаймо поки живемо  герої не вмирають  інформацію підготувала заступник декана о м трифонова  ",0,2,2
384,"   лютого група забезпечення освітньої професійної програми спеціальності     професійна освіта  комп ютерні  цифрові  технології  першого  бакалаврського  рівня вищої освіти зустрілася зі стейкхолдерами в кропивницькому вищому професійному училищі  у ході дискусії  учасниками якої були директор училища о  рацул  викладач д  божора  майстер виробничого навчання н  лисенко  доцент о трифонова  старший викладач о  щирбул  професор м  садовий  були обговорені компетентності опп та навчальний план спеціальності  серед побажань   збільшити кількість кредитів на вивчення практичної складової фахових дисциплін  а також кредитів виробничої практики  посилити методичну спрямованість фахових дисциплін   ",2,1,-1
387,"що таке кадрова служба підприємства таїї основні напрямки роботи  як відбувається пошук кадрів  їх працевлаштування та звільнення  трудові книжки  е лікарняні  про це і не тільки дізналисястуденти групи цт   бспеціальності професійна освіта  цифрові технології   у вебінарі на тему  організація кадрової служби підприємства   що проходив    лютого в рамках вивчення дисципліни  управління персоналом   викладач доц  пуляк о в   узяв активну участь начальник відділу кадрівнашогоуніверситетукандидат юридичних наук дмитро миколайович переверзєв   кадрова служба   це серце підприємства  від неї залежить уся діяльність   дмитро миколайовичпояснив головні засади кадрової політики та діловодного забезпечення на прикладі діяльності відділу кадрів   самостійного структурного підрозділу центральноукраїнського державного педагогічного університету імені володимира винниченка  підпорядкованого ректору університету  доповідач детально зупинився на особливостях набору і відбору персоналу  важливості співбесіди при працевлаштуванні  вимогах трудового законодавства україни  особливостях звільнення військового обліку  електронних лікарняних  кадровій документації тощо  пізнавальними були цікаві приклади та конкретні кейси  якими гість ілюстрував свій виступ  студенти отрималивичерпні відповіді на всі актуальні питання організації кадрової служби підприємства  учасники вебінару висловлюють щиру вдячність дмитрові миколайовичу за надану інформацію та сподіваються на подальшу співпрацю   ",1,0,-1
388,"   лютого наукова спільнота відзначає міжнародний день жінок і дівчат у науці   міжнародний день оон  принагідно вітаємо жіночу частину колективу факультету математики  природничих наук та технологій зі святом  у якому гармонійно поєднується краса жіноча та краса науки    щиро зичимо міцного здоров я  творчого натхнення  нових наукових звершень     лютого      року факультет математики  природничих наук та технологій приймав гостей   знімальну групу кропивницької філії акціонерного товариства  національна суспільна телерадіокомпанія україни   телеканал ua  кропивницький  олену жикалову та олександра донцова  сюжет знімали про життєвий та науковий шлях заступниці декана факультету  олени михайлівни трифонової  доктора педагогічних наук  доцента  голови ради молодих вчених центральноукраїнського державного педагогічного університету імені володимира винниченка  до зйомок також долучилися викладачі кафедри тмтпопбж о  в  абрамова   д  в  соменко та студенти спеціальності професійна освіта  цифрові технології   зокрема  здобувач віталій хомич разом із викладачами о  м  трифоновою та д  в  соменком розповідали про реалізовані групові проєкти з робототехніки  висловлюємо щиру вдячність телеканалу ua  кропивницький за багаторічну співпрацю та представляємо вашій увазі сюжет  присвячений пам ятній даті про важливу роль жінок та дівчат у науці  https   youtu be r  w  rplju  ",4,0,-4
389,"     лютого завершився обласний етап всеукраїнського конкурсу  учитель року        на фінальні змагання в очному режимі в номінації  інформатика  були запрошені троє учасників  які за результатами попереднього етапу  що відбувся       грудня дистанційно  отримали найбільше балів  цього разу завданням для учасників було за наданими матеріалами розробити для учнів практичні завдання різного рівня складності  запропонувати критерії перевірки цих завдань та заходи з подолання помилок  завдання  методичний практикум    а також провести урок на тему та в класі  визначених жеребкуванням  обрати переможця було непросто  кожен з учасників був вартий перемоги  усі вони мають у своєму арсеналі особливі методичні підходи  цікаві прийоми тощо  і все ж представляти область на всеукраїнському етапі  який відбудеться у квітні  може тільки один учитель  тож переможцем обласного етапу  з перевагою лише в декілька балів  став випускник нашого факультету      року  а нині вчитель інформатики олександрійського навчально виховного комплексу  знз і іі ступенів     ліцей  олександр дробот  ярослав жабчіц   учитель математики та інформатики перегонівського ліцею перегонівської сільської ради голованівського району кіровоградської області   посів друге місце  а лілія палій   теж випускниця нашого факультету       року   учитель фізики та інформатики комунального закладу  академічна гімназія кропивницької міської ради     стала третьою в номінації інформатика  детальніше з результатами можна ознайомитися на сайті коіппо імені василя сухомлинського  пишаємося нашими випускниками  вітаємо переможця та будемо вболівати за нього у квітні   ",2,1,-1
391,"     лютого      року проходила і всеукраїнська науково практична конференція  безпека дітей в інтернеті  попередження  освіта  взаємодія   у якій взяли участь студенти спеціальностей професійна освіта  комп ютерні цифрові технології  та середня освіта  природничі науки   групи кт  б  кт  б с  кт  б  цт  б с  цт  б  пн  б   а також викладачі кафедри теорії та методики технологічної підготовки  охорони праці та безпеки життєдіяльності  д пед н  м  і  садовий  к пед н  д  в  соменко  та кафедри природничих наук  хімії  географії та методик їхнього навчання  д пед н  о  м  трифонова   аспірант кафедри природничих наук  хімії  географії та методик їхнього навчання  а  в  бевз   конференція відбулась за сприяння комунального закладу  кіровоградський обласний інститут післядипломної педагогічної освіти імені василя сухомлинського   кіровоградського науково дослідного експертно криміналістичного центру мвс україни  центру інноваційних технологій навчально наукового інституту права  психології та інноваційної освіти національного університету  львівська політехніка  та громадської організації  вікімедіа україна   метою конференції стало об єднання зусиль освітян  правоохоронців  представників громадських організацій та державних органів різних областей україни щодо осмислення  виявлення та поширення ефективних практик  які сприяють забезпеченню безпеки дітей в інтернеті  а також розвитку кіберграмотності педагогічної спільноти  науково практична конференція працювала за такими напрямами  соціально педагогічний вимір поняття  права дитини в інтернеті   соціально педагогічний вимір понять  цифрові сліди    цифрові тіні   створення якісного безпечного україномовного контенту в мережі інтернет  тренди  ролі  можливості  технологічні інструменти та рішення формування безпечного інтернет простору дитини  розвиток кіберграмотності педагога  соціальна профілактика правопорушень дітей у кіберпросторі  особливості виявлення  фіксації та розкриття правопорушень  вчинених відносно дітей з використанням мережі інтернет  синхронно у вигляді онлайнової панельної дискусії учасники науково практичної конференції  працівники закладів освіти  представники громадських організацій  правоохоронних та інших державних органів  інші зацікавлені особи  висловили свої думки стосовно запропонованих до розгляду проблем  доповіді зацікавили студентів та спричинили активне обговорення  актуальних питань безпеки дітей в інтернеті  маємо надію  що отримана інформація сприяла розвитку цифрової компетентності всіх учасників конференції  інформацію підготували ст  викл  д  в  соменко та доц  о  м  трифонова  ",1,0,-1
392,"      січня      року на базі центральноукраїнського державного педагогічного університету імені володимира винниченка проходив ііі  обласний  етап всеукраїнської учнівської олімпіади з біології  а     лютого   з фізики  до участі в змаганнях були залучені понад     учнів      класів загальноосвітніх навчальних закладів кіровоградської області   призерів іі етапу  у складі журі олімпіад активно працювали викладачі цдпу ім  в  винниченка  аркушина г ф  кандидат біологічних наук  доцент   голова журі з біології гулай о в  доктор біологічних наук  професор   експерт консультант з біології садовий м і    доктор педагогічних наук  професор  голова журі з фізики  трифонова о м    доктор педагогічних наук  доцент  член журі з фізики волчанський о в    кандидат фізико математичних наук  доцент  експерт консультант з фізики  після закінчення урочистої частини учасники олімпіади розпочали виконання завдань  традиційно змагання з фізики відбувались у два тури  у першому учасникам було запропоновано розв язати ряд теоретичних задач із різноманітних тем шкільного курсу фізики  у другому  практичному турі  учні проводили експерименти за допомогою наданого їм обладнання та опрацювали результати вимірювань  після того  як учні виконали всі завдання  розпочало свою роботу журі  за результатами перевірки виконаних завдань журі визначило переможців олімпіади та кандидатів для участі у всеукраїнському етапі олімпіади  одним із призерів олімпіади з фізики  диплом іі ступеня  став учень   го класу кз  ліцей  науковий  міської ради міста кропивницького  михайло скічко  якого підготували керівник фізико астрономічного гуртка ліцею  доцент цдпу ім  в  винниченка о в  волчанський і вчитель фізики ліцею  завідувач лабораторії цдпу ім  в  винниченка н в  донець  тож вітаємо переможців  бажаємо учням та їхнім учителям подальших успіхів і творчих злетів  інформацію підготував доцент кафедри фізики  біології та методик їхнього навчання о  в  волчанський  ",1,2,1
393,"   січня      року на базі центральноукраїнського державного педагогічного університету імені володимира винниченка відбувся ііі  обласний  етап всеукраїнської олімпіади з математики  у якій брали участь     учнів   х    х     х та    х класів з різних районів та міст кіровоградської області  на урочистому відкритті  яке проходило в актовій залі старовинного корпусу університету  зі словами привітання виступили  заступник директора з навчально організаційної діяльності комунального закладу  кіровоградський обласний інститут післядипломної педагогічної освіти імені василя сухомлинського  василь нудний  в о  проректора з наукової роботи центральноукраїнського державного педагогічного університету імені володимира винниченка д  псих н   проф  лілія клочек  в о декана факультету математики  природничих наук та технологій д пед н   доц  тетяна фурсикова  в о завідувача кафедри математики  інформатики  економіки та методик їхнього навчання к фіз мат н   доц  юрій яременко  експерт консультант   голова журі олімпіади к фіз мат н   доц  іннаключник  зав  науково методичної лабораторії природничо математичних дисциплін людмила хлань та ін  у складі журі олімпіади активно працювали викладачі факультету математики  природничих наук та технологій доценти юлія ботузова  людмила яременко  кращі вчителі математики м  кропивницького павло костюкевич  ірина савенко  олена свириденко  світлана сорока  лариса фетісова  ніна чернега  ірина шверненкою  до речі  переважно випускники на нашого факультету   за результатами змагання  яке пройшло в дружній творчій атмосфері  члени журі ухвалили рішення представити до нагородження    учнів  диплом i ступеня гуртова маргарита костянтинівна   учениця   класу загальноосвітньої школи і ііі ступенів     світловодської міської ради кіровоградської області  барбір вікторія юріївна   учениця   класу навчально виховного об єднання  олександрійська гімназія ім  т г шевченка   знз і іі ступенів   школа мистецтв  олександрійської міської ради кіровоградської області  токарєва ярослава геннадіївна   учениця    класу навчально виховного комплексу  ліцей інформаційних технологій   спеціалізована школа іі ступеня  олександрійської міської ради кіровоградської області  шестаковська яна вікторівна   учениця    класу комунального закладу  центральноукраїнський науковий ліцей інтернат кіровоградської обласної ради   диплом iі ступеня кеца максим олександрович   учень   класу опорного закладу освіти  торговицький заклад загальної середньої освіти і ііі ступенів імені є ф  маланюка  новоархангельської селищної ради голованівського району кіровоградської області  шевченко в ячеслав ігорович   учень   класу навчально виховного комплексу  кіровоградський колегіум   спеціалізований загальноосвітній навчальний заклад i iii ступенів   дошкільний навчальний заклад   центр естетичного виховання  кіровоградської міської ради кіровоградської області  козачук богдан юрійович   учень   класу навчально виховного комплексу  ліцей інформаційних технологій   спеціалізована школа іі ступеня  олександрійської міської ради кіровоградської області  цатурян артем норайрович   учень   класу комунального закладу  долинський опорний заклад загальної середньої освіти   гімназія і ііі ступенів     долинської міської ради   ільїн денис миколайович   учень    класу першотравенської загальноосвітньої школи i iii ступенів компаніївської селищної ради кіровоградської області  валіцька юлія богданівна   учениця    класу новоселицького закладу загальної середньої освіти i iii ступенів благовіщенської міської ради  мандебура ілля олександрович   учень    класу навчально виховного комплексу  загальноосвітній навчальний заклад i iii ступенів        дошкільний навчальний заклад  лісова казка  олександрійської міської ради кіровоградської області  диплом iіі ступеня подплєтній іван олександрович   учень   класу комунального закладу  новгородківський навчально виховний комплекс  загальноосвітня школа i iіi ступенів   дошкільний навчальний заклад  новгородківської селищної ради кіровоградської області  колтак ілля сергійович   учень   класу навчально виховного об єднання  олександрійська гімназія ім  т г шевченка   знз і іі ступенів   школа мистецтв  олександрійської міської ради кіровоградської області  пугач яна сергіївна   учениця   класу закладу загальної середньої освіти  зибківська загальноосвітня школа i iii ступенів  онуфріївської селищної ради кіровоградської області  четвертак георгій сергійович   учень   класу комунального закладу  новгородківський навчально виховний комплекс  загальноосвітня школа i iіi ступенів   дошкільний навчальний заклад  новгородківської селищної ради кіровоградської області  скічко михайло вікторович   учень   класу комунального закладу  ліцей  науковий  міської ради міста кропивницького   білокінь віта іванівна   учениця   класу ліцею      гармонія  помічнянської міської ради кіровоградської області  кулинич анна сергіївна   учениця    класу комунального закладу  долинський опорний заклад загальної середньої освіти гімназія і ііі ступенів     долинської міської ради   демченко ілля владиславович   учень    класу олександрійського навчально виховного комплексу  знз і іі ступенів      ліцей  олександрійської міської ради кіровоградської області  кавун назар сергійович   учень    класу комунального закладу  центральноукраїнський науковий ліцей інтернат кіровоградської обласної ради   ястремський богдан валерійович   учень    класу комунального закладу  ліцей  науковий  міської ради міста кропивницького   чайковський гліб вікторович   учень    класу новоукраїнського ліцею     новоукраїнської міської ради кіровоградської області  мернов дмитро володимирович   учень    класу знам янської загальноосвітньої школи і ііі ступенів     знам янської міської ради кіровоградської області  мелешко максим костянтинович   учень    класу комунального закладу  новгородківський навчально виховний комплекс  загальноосвітня школа i iіi ступенів   дошкільний навчальний заклад  новгородківської селищної ради кіровоградської області  лаврик катерина віталіївна   учениця    класу комунального опорного закладу  підвисоцький заклад загальної середньої освіти і ііі ступенів ім  т г шевченка  підвисоцької сільської ради голованівського району кіровоградської області  ступаченко дмитро олександрович   учень    класу голованівського ліцею ім  т г  шевченка голованівської селищної ради  балабась владислав андрійович   учень    класу комунального закладу  навчально виховний комплекс  спеціалізований загальноосвітній навчальний заклад i iii ступенів        дошкільний навчальний заклад   дитячий юнацький центр  зорецвіт  кіровоградської міської ради кіровоградської області   вітаємо переможців  їхніх учителів математики та всіх  хто долучився до підготовки олімпіади  бажаємо подальшої плідної праці  творчих успіхів  нових перемог на олімпіадах  турнірах та конкурсах    запрошуємо одинадцятикласників на навчання на факультеті математики  природничих наук та технологій  інформацію підготувала доцент людмила яременко  ",3,2,-1
396,"   січня      року вперше в історії центральноукраїнського державного педагогічного університету імені володимира винниченка відбувся захист дисертації на здобуття наукового ступеня доктора філософії зі спеціальності     середня освіта  фізика   дисертацію захистив аспірант університету   року навчання гайда василь ярославович  тема дослідження  методика формування самоосвітньої компетентності учнів основної школи в освітньому процесі з фізики на засадах сталого розвитку   https   www cuspu edu ua ua ntmd spetsializovana vchena rada df          зі спеціальності     середня освіта  фізика   науковий керівник  садовий микола ілліч доктор педагогічних наук  професор  завідувач кафедри теорії та методики технологічної підготовки  охорони праці та безпеки життєдіяльності центральноукраїнського державного педагогічного університету імені володимира винниченка  захист відбувся на засіданні разової спеціалізованої вченої ради дф            рада створена в центральноукраїнському державному педагогічному університеті імені володимира винниченка згідно наказу мон від                   у складі  подопригора наталія володимирівна   доктор педагогічних наук  професор  професор кафедри природничих наук  хімії  географії та методик їхнього навчання  завідувач відділу забезпечення якості та цифрового супроводу освіти центральноукраїнського державного педагогічного університету імені володимира винниченка  голова ради   величко степан петрович   доктор педагогічних наук  професор  професор кафедри фізики  біології та методик їхнього навчання центральноукраїнського державного педагогічного університету імені володимира винниченка  рецензент  член ради   сальник ірина володимирівна   доктор педагогічних наук  професор  професор кафедри фізики  біології та методик їхнього навчання центральноукраїнського державного педагогічного університету імені володимира винниченка  рецензент  член ради   мисліцька наталія анатоліївна   доктор педагогічних наук  професор  завідувач кафедри науково природничих та математичних дисциплін комунального закладу вищої освіти  вінницький гуманітарно педагогічний коледж   опонент  член ради   слободяник ольга володимирівна   кандидат педагогічних наук  вчитель фізики та математики школи і ііі ступенів      управління освіти шевченківської районної в місті києві державної адміністрації  опонент  член ради   на підставі публічного захисту дисертаційної роботи гайди василя ярославовича  під час якого у відкритій науковій дискусії взяли участь всі члени разової спеціалізованої вченої ради дф            та розгляду всіх поданих здобувачем документів разова спеціалізована вчена рада дф           прийняла рішення  що дисертація  методика формування самоосвітньої компетентності учнів основної школи в освітньому процесі з фізики на засадах сталого розвитку  є актуальним завершеним самостійним дослідженням  що містить науково обґрунтовані результати  значущі для теорії та методики навчання фізики і відповідає наказу мон україни      від             про затвердження вимог до оформлення дисертацій   зі змінами    тимчасовому порядку присудження ступеня доктора філософії  затвердженому постановою кабінету міністрів україни       від             зі змінами внесеними згідно постановою кабінету міністрів україни       від              а автор дисертаційної роботи гайда василь ярославович  заслуговує на присудження наукового ступеня доктора філософії зі спеціальності     середня освіта  фізика   колектив факультету математики  природничих наук та технологій щиро вітає гайду василя ярославовича та його наукового керівника  доктора педагогічних наук  професора садового миколу ілліча з гарним захистом  бажає подальших творчих успіхів та досягнення нових наукових вершин    колектив факультету математики  природничих наук та технологій  ",6,1,-5
397,"науковий семінар функціонує на кафедрі математики  статистики та інформаційних технологій   до змін у структурі університету   на кафедрі прикладної математики  статистики та економіки   цього разу головним доповідачем на семінарі стала д  харченко  яка презентувала результати дослідження   моделювання хвильових процесів в тришаровій гідродинамічній системі   наук  керівник   канд  тех  наук  доцент в  в  нарадовий   учасниками семінару були  д  ф  м  наук  професор о  в  авраменко  голова засідання   д  техн  наук  професор і  в  казачков  д  ф  м  наук  професор а  м  плічко  канд  ф   м  наук  доцент ю  в  гуртовий  канд  ф  м  наук  доцент о  п  макарчук  доктор філософії з прикладної математики м  в  луньова та аспіранти цдпу ім  в  винниченка за спеціальністю     прикладна математика в  туртуріка  в  єлькін  в  демідов  а  нога  в  довгенко  доповідачка представила модель поширення хвиль та хвильових пакетів у тришаровій гідродинамічній системі  шар з твердим дном   шар   шар з кришкою   було репрезентовано слабконелінійну математичну модель  яка описує хвильові процеси у вказаній системі  у ході доповіді д  харченко описала процес побудови безрозмірної моделі поширення хвильових пакетів у тришаровій рідині  охарактеризувала метод багатомасштабних розвинень  що застосовувався при аналітичному дослідженні побудованої математичної моделі  унаслідок застосування вказаного методу до третього порядку малості було отримано перші три наближення вказаної задачі  розв язки першого та другого наближень були знайдені в явній аналітичній формі та представлені учасникам семінару  аспірантка здійснила детальний аналіз отриманих результатів з погляду якісного застосування теорії поширення хвиль у тришарових рідинах  зокрема  були представлені відношення амплітуд перших та других гармонік поширення хвиль у тришаровій системі  зроблено висновки про вклад частот поширення хвиль  які є коренями дисперсійного співвідношення  що пов язує між собою хвильове число та частоту поширення хвиль  значну увагу д  харченко приділила модуляційної стійкості хвильових пакетів на поверхнях контакту в залежності від геометричних та фізичних параметрів представленої моделі  окремо розглянуто питання потоку енергії та форми хвиль  доповідь д  харченко спричинила жваву дискусія учасників семінару  так  проф  і  в  казачков поставив питання про знаходження екстремальних значень потоку енергії систем і відзначив важливість дослідження вказаної системи при хвильових числах  що гарантують утворення капілярних хвиль  а також дослідження капілярних ефектів у розглядуваній системі  проф  о  в  авраменко наголосила на необхідності детального вивчення випадків  коли тришарова система вироджується у двошарову  а також порадила деталізувати висновки дослідження  зокрема приділити увагу аргументації та увідповідненню побудованій моделі  доц  ю  в  гуртовий зауважив про необхідність детальнішого вивчення впливу частот на поширення хвиль на поверхнях контакту  науковий керівник роботи канд  тех  наук  доцент в  в  нарадовий наголосив  що дисертація д  харченко  моделювання хвильових процесів в тришаровій гідродинамічній системі  є цілком самостійним дослідженням актуальної теми  а її авторка виявила себе висококваліфікованою дослідницею  з прикінцевим словом виступила проф  о  в  авраменко  яка відзначила наукову новизну та важливість дослідження д  харченко у сфері поширення хвиль у гідродинамічних системах та побажала врахувати зауваження та успішно захистити дисертацію  бажаємо діані гідно представити своє дослідження та здобути науковий ступінь доктора філософії з прикладної математики   ",0,1,1
398,"   січня в центральноукраїнському державному педагогічному університеті імені володимира винниченка відбувся традиційний щорічний конкурс на кращий студентський блок гуртожитку  за умовами конкурсу студенті повинні були підготувати та презентувати свій блок у гуртожитку  приємно відзначити  що перемогу і головний приз   поїздку в карпати   отримали студенти нашого факультету  отже  результати конкурсу наступні    і місце   найкращим блоком став   в  гуртожиток      факультету математики  природничих наук та технологій  студенти  які представили цей блок отримали поїздку в карпати    іі місце посів   в блок  гуртожитку      факультету бізнес освіти та права  студенти отримали сертифікат на      від scorini kropyvnytskyi    ііі місце здобув   поверх гуртожитку     факультету психології  педагогіки та мистецтв  студенти отримали побутову техніку для свого гуртожитку  вітаємо переможців  інформацію підготували представники студентського самоврядування  ",0,4,4
399,"   січня      року площа володимира винниченка в м кропивницькому вчергове зібрала учасників ходи присвяченої дню соборності україни  день соборності україни   це свято єдності нашої держави  адже саме в цей день в      році було проголошено акт злуки української народної республіки та західноукраїнської народної республіки  це була основоположна подія для українського державотворення  але для нашої держави    січня   це не лише день єднання  але й день пам яті  пам яті про тих  хто присвятив своє життя забезпеченню добробуту і процвітання нашої єдиної держави  про тих  хто віддав своє життя за мир на українській землі  тож сьогодні крім покладання квітів до пам ятника володимиру винниченку букети квітів були покладені до пам ятників та пам ятних знаків усіх борців за незалежність україни  активними учасниками цьогорічного дійства стали викладачі  співробітники та студенти факультету математики  природничих наук та технологій центральноукраїнського державного педагогічного університету імені володимира винниченка  інформацію підготувала заступник декана о м трифонова  ",0,3,3
401,"   січня      року на базі нашого університету проходив ііі  обласний  етап всеукраїнської учнівської олімпіади з астрономії  до участі в змаганнях було залучено понад    учнів       класів загальноосвітніх навчальних закладів кіровоградської області   призерів іі етапу  у складі оргкомітету та журі олімпіади пліч о пліч з досвідченими освітянами області активно працювали викладачі цдпу ім  в  винниченка  волчанський о в    кандидат фізико математичних наук  доцент кафедри фізики  біології та методик їхнього навчання   голова журі чінчой о о    кандидат педагогічних наук  доцент кафедри фізики  біології та методик їхнього навчання   заступник голови журі  подопригора н в   доктор педагогічних наук  професор кафедри природничих наук  хімії  географії та методик їхнього навчання   член журі  трифонова о м    доктор педагогічних наук  доцент кафедри природничих наук  хімії  географії та методик їхнього навчання   член журі  садовий м і    доктор педагогічних наук  завідувач кафедри теорії та методики технологічної підготовки  охорони праці та безпеки життєдіяльності   експерт консультант  на урочистому відкритті олімпіади в о  проректора цдпу з наукової роботи доктор психологічних наук л  в  клочек і в о  декана факультету математики  природничих наук та технологій доктор педагогічних наук т  в  фурсикова привітали учасників та керівників команд з початком роботи обласного етапу і побажали творчої наснаги й удачі у розв язанні завдань  вони запросили випускників      року до навчання на природничих спеціальностях нашого університету  представники оргкомітету в м  нудний  а а  дробін і с п  самойлов висвітлили для учасників особливості проведення обласного етапу всеукраїнської учнівської олімпіади з астрономії  голова журі о  в  волчанський і експерт консультант м  і  садовий ознайомили учасників з порядком виконання завдань олімпіади та основними вимогами до їх оформлення  традиційно змагання відбувались у два тури  у першому було запропоновано розв язати ряд теоретичних завдань із різноманітних тем шкільного курсу астрономії  астрометрія  небесна механіка  астрофізика   у практичному турі учні виконували завдання  які полягали в обробці наданих їм результатів космічних спостережень  по закінченню виконання завдань і визначення критеріїв оцінювання журі приступило до їх ретельної перевірки  за підсумками двох турів в результаті виконаних завдань визначило переможців олімпіади та кандидатів до участі у всеукраїнському етапі олімпіади  гідно виступила команда фізико астрономічного гуртка нашого наукового ліцею у складі   учнів  яка посіла три призових місця  а саме  дипломом іі ступеня відзначено скічка михайла  учня   класу  виступав у групі    класників   дипломом ііі ступеня відзначено семененко дар ю  ученицю    фізико математичного класу і ситника дмитра  учня    фізико математичного класу  вітаємо переможців із важливим здобутком  бажаємо впевнено рухатись по обраному шляху і постійно підкорювати все нові наукові вершини  інформацію підготував доцент кафедри фізики  біології та методик їхнього навчання о в  волчанський  ",3,3,0
